# Probe 0 (0 0 0.76)
# Time        0            
0.001         (5.19564 -1.60504 197.046)
0.00100095    (5.38588 -1.70092 196.776)
0.00100191    (5.47388 -1.67033 196.515)
0.00100286    (5.47457 -1.58232 196.289)
0.00100381    (5.43187 -1.49845 196.123)
0.00100476    (5.36766 -1.47632 196.035)
0.00100571    (5.30239 -1.52994 196.051)
0.00100665    (5.25927 -1.64612 196.152)
0.00100759    (5.23917 -1.78209 196.373)
0.00100854    (5.23523 -1.8723 196.707)
0.00100949    (5.21877 -1.86579 197.148)
0.00101045    (5.16454 -1.73925 197.762)
0.0010114     (5.06991 -1.5451 198.612)
0.00101236    (4.93162 -1.36556 199.756)
0.00101332    (4.71856 -1.30091 201.219)
0.00101428    (4.37196 -1.38219 202.969)
0.00101524    (3.85369 -1.52028 204.876)
0.0010162     (3.17579 -1.54177 206.877)
0.00101715    (2.52081 -1.35325 208.571)
0.00101809    (1.91491 -0.955199 209.966)
0.00101904    (1.43673 -0.445139 211.053)
0.00101998    (1.06524 0.0372195 211.834)
0.00102091    (0.746152 0.369649 212.347)
0.00102185    (0.430295 0.539505 212.648)
0.00102278    (0.102774 0.527126 212.773)
0.00102372    (-0.218888 0.351918 212.732)
0.00102465    (-0.496097 0.0550654 212.522)
0.00102559    (-0.682796 -0.319237 212.141)
0.00102653    (-0.736587 -0.734925 211.603)
0.00102747    (-0.632164 -1.16574 210.933)
0.00102841    (-0.369235 -1.59663 210.167)
0.00102936    (0.0234764 -2.01724 209.346)
0.0010303     (0.499808 -2.41953 208.496)
0.00103124    (1.01576 -2.79237 207.615)
0.00103219    (1.54008 -3.12868 206.667)
0.00103314    (2.06161 -3.42797 205.596)
0.00103409    (2.58056 -3.67825 204.35)
0.00103504    (3.10469 -3.82666 202.91)
0.00103599    (3.63517 -3.78302 201.317)
0.00103695    (4.15529 -3.45963 199.692)
0.0010379     (4.62219 -2.82835 198.237)
0.00103887    (4.95953 -1.95801 197.211)
0.00103983    (5.10631 -1.01796 196.811)
0.00104079    (5.02169 -0.232535 197.243)
0.00104175    (4.68658 0.184981 198.406)
0.00104272    (4.11901 0.0889945 200.119)
0.00104368    (3.33163 -0.496433 202.018)
0.00104465    (2.32018 -1.37101 203.706)
0.00104562    (1.18517 -2.20715 204.961)
0.00104658    (0.114656 -2.78584 205.653)
0.00104755    (-0.704825 -2.98482 205.835)
0.00104852    (-1.18697 -2.82321 205.686)
0.00104948    (-1.41594 -2.34653 205.255)
0.00105045    (-1.47024 -1.58195 204.579)
0.00105141    (-1.42252 -0.569536 203.71)
0.00105237    (-1.29002 0.594712 202.709)
0.00105333    (-1.02166 1.72994 201.655)
0.00105429    (-0.589208 2.61037 200.647)
0.00105525    (-0.00682171 3.03615 199.809)
0.00105622    (0.647267 2.95141 199.218)
0.00105718    (1.24565 2.45631 199.028)
0.00105814    (1.69739 1.7776 199.238)
0.0010591     (1.91028 1.16541 199.83)
0.00106005    (1.8568 0.848133 200.73)
0.00106101    (1.55971 0.846957 201.818)
0.00106196    (1.12074 1.04325 202.995)
0.00106292    (0.664527 1.29121 204.117)
0.00106387    (0.280175 1.50212 205.099)
0.00106482    (0.0254057 1.64891 205.979)
0.00106577    (-0.0830004 1.7365 206.74)
0.00106672    (-0.0661614 1.75042 207.391)
0.00106766    (0.0432662 1.67167 207.93)
0.00106861    (0.214947 1.46634 208.329)
0.00106955    (0.423282 1.11375 208.54)
0.0010705     (0.646079 0.634695 208.508)
0.00107144    (0.855739 0.0928357 208.196)
0.00107238    (1.0107 -0.414416 207.585)
0.00107333    (1.04796 -0.826177 206.697)
0.00107427    (0.924809 -1.08967 205.572)
0.00107521    (0.627558 -1.19956 204.242)
0.00107615    (0.166323 -1.19537 202.739)
0.00107709    (-0.430212 -1.14684 201.096)
0.00107804    (-1.11687 -1.12088 199.354)
0.00107898    (-1.83714 -1.14275 197.563)
0.00107992    (-2.52448 -1.17926 195.777)
0.00108086    (-3.1077 -1.15137 194.08)
0.0010818     (-3.51827 -0.988624 192.599)
0.00108274    (-3.69365 -0.668654 191.49)
0.00108369    (-3.59576 -0.253659 190.892)
0.00108463    (-3.21873 0.163473 190.838)
0.00108557    (-2.61464 0.487992 191.25)
0.00108652    (-1.89261 0.692854 192.035)
0.00108746    (-1.17083 0.814976 192.996)
0.00108841    (-0.544612 0.923119 194.022)
0.00108935    (-0.0628532 1.06412 195.019)
0.00109029    (0.304935 1.25199 195.925)
0.00109124    (0.507287 1.42147 196.687)
0.00109218    (0.530838 1.55928 197.257)
0.00109313    (0.326203 1.62155 197.711)
0.00109407    (-0.134886 1.59816 198.055)
0.00109502    (-0.811811 1.47933 198.512)
0.00109596    (-1.59819 1.27014 199.164)
0.00109691    (-2.34691 1.00476 200.039)
0.00109786    (-2.92456 0.745423 201.092)
0.0010988     (-3.23529 0.563958 202.236)
0.00109975    (-3.25267 0.513285 203.361)
0.00110069    (-3.00218 0.597855 204.458)
0.00110164    (-2.60975 0.78405 205.292)
0.00110258    (-2.13675 1.05352 205.963)
0.00110352    (-1.70153 1.35293 206.417)
0.00110446    (-1.373 1.6639 206.662)
0.00110539    (-1.18321 1.98121 206.754)
0.00110632    (-1.10027 2.30633 206.752)
0.00110726    (-1.10724 2.63685 206.765)
0.00110818    (-1.13235 2.95492 206.915)
0.00110911    (-1.12566 3.20332 207.217)
0.00111004    (-1.06931 3.3371 207.705)
0.00111096    (-0.962265 3.22325 208.311)
0.00111188    (-0.847702 2.78192 208.921)
0.0011128     (-0.778103 2.00992 209.474)
0.00111372    (-0.764703 1.03335 209.918)
0.00111463    (-0.78736 0.145671 210.311)
0.00111555    (-0.773198 -0.51564 210.733)
0.00111646    (-0.61923 -0.890454 211.13)
0.00111737    (-0.269385 -1.02913 211.367)
0.00111827    (0.194159 -1.07782 211.328)
0.00111918    (0.61992 -1.13663 210.978)
0.00112008    (0.793739 -1.20759 210.343)
0.00112099    (0.572782 -1.32978 209.483)
0.00112189    (-0.0675637 -1.50934 208.474)
0.00112279    (-1.03133 -1.73259 207.408)
0.00112369    (-2.14695 -1.98912 206.386)
0.00112459    (-3.27073 -2.25883 205.505)
0.00112549    (-4.28486 -2.52653 204.793)
0.00112639    (-5.14275 -2.78986 204.217)
0.00112729    (-5.82652 -3.05074 203.71)
0.00112819    (-6.33018 -3.30657 203.195)
0.00112909    (-6.65743 -3.54063 202.604)
0.00112999    (-6.84035 -3.73983 201.878)
0.00113089    (-6.92105 -3.88017 200.957)
0.00113179    (-6.94851 -3.92374 199.794)
0.00113269    (-6.96378 -3.82599 198.352)
0.00113359    (-6.99793 -3.54098 196.61)
0.00113449    (-7.05991 -3.02844 194.58)
0.00113539    (-7.14143 -2.26114 192.301)
0.00113629    (-7.209 -1.23896 189.838)
0.00113719    (-7.2061 -0.000104486 187.295)
0.0011381     (-7.08152 1.37942 184.808)
0.001139      (-6.8073 2.78714 182.522)
0.00113991    (-6.39853 4.11665 180.587)
0.00114081    (-5.90164 5.27974 179.091)
0.00114172    (-5.38724 6.19425 178.109)
0.00114263    (-4.96121 6.83519 177.72)
0.00114354    (-4.71672 7.17034 178.015)
0.00114445    (-4.74473 7.27998 179.133)
0.00114536    (-4.95631 7.33097 181.244)
0.00114628    (-5.14505 7.4328 184.195)
0.00114719    (-5.06866 7.60047 187.773)
0.00114811    (-4.61172 7.56275 191.443)
0.00114903    (-3.89053 6.99928 194.603)
0.00114995    (-3.20653 5.85267 196.963)
0.00115087    (-2.82708 4.40859 198.628)
0.00115179    (-2.68948 3.05149 199.512)
0.00115271    (-2.78498 1.89143 200.235)
0.00115364    (-2.91725 0.970263 200.782)
0.00115457    (-2.95242 0.29285 201.07)
0.00115549    (-2.81819 -0.167979 201.023)
0.00115642    (-2.47424 -0.441074 200.655)
0.00115735    (-1.90429 -0.554901 200.053)
0.00115828    (-1.13097 -0.557301 199.316)
0.00115921    (-0.224462 -0.503382 198.539)
0.00116015    (0.710984 -0.43705 197.787)
0.00116108    (1.56566 -0.367696 197.083)
0.00116202    (2.28148 -0.307772 196.436)
0.00116296    (2.803 -0.233017 195.908)
0.0011639     (3.12666 -0.205279 195.548)
0.00116483    (3.30757 -0.250206 195.632)
0.00116577    (3.40683 -0.373046 196.207)
0.00116671    (3.53261 -0.467872 197.379)
0.00116765    (3.67444 -0.409654 199.058)
0.00116859    (3.73027 -0.113767 200.99)
0.00116953    (3.47018 0.386287 202.795)
0.00117047    (2.77819 0.952762 204.226)
0.00117141    (1.62809 1.40493 204.934)
0.00117235    (0.16936 1.68409 204.977)
0.00117329    (-1.34112 1.7645 204.729)
0.00117423    (-2.7727 1.69725 204.425)
0.00117517    (-4.01863 1.52282 204.214)
0.00117611    (-5.01807 1.22566 204.14)
0.00117705    (-5.75421 0.763421 204.174)
0.00117799    (-6.20465 0.0885096 204.191)
0.00117892    (-6.34082 -0.823107 204.092)
0.00117986    (-6.13675 -1.96013 203.796)
0.00118079    (-5.57688 -3.25178 203.281)
0.00118172    (-4.69614 -4.57538 202.585)
0.00118264    (-3.5628 -5.79005 201.812)
0.00118357    (-2.29462 -6.74715 201.099)
0.00118449    (-0.986796 -7.35862 200.57)
0.00118542    (0.239249 -7.54645 200.341)
0.00118634    (1.28288 -7.29334 200.409)
0.00118726    (2.07781 -6.67695 200.729)
0.00118817    (2.61498 -5.85387 201.233)
0.00118909    (2.9021 -4.95704 201.809)
0.00119       (2.98842 -4.10756 202.358)
0.0011909     (2.94157 -3.36716 202.785)
0.0011918     (2.83964 -2.74069 203.014)
0.0011927     (2.75363 -2.20742 203.008)
0.0011936     (2.72979 -1.74445 202.765)
0.00119449    (2.77312 -1.34234 202.321)
0.00119537    (2.86329 -1.0015 201.733)
0.00119626    (2.96593 -0.730851 201.059)
0.00119714    (3.04127 -0.543858 200.355)
0.00119801    (3.0554 -0.453614 199.671)
0.00119889    (2.9824 -0.47786 199.061)
0.00119976    (2.811 -0.608489 198.562)
0.00120063    (2.56884 -0.840597 198.299)
0.0012015     (2.2725 -1.14379 198.302)
0.00120237    (1.9543 -1.46833 198.686)
0.00120324    (1.62319 -1.76089 199.521)
0.00120412    (1.26719 -1.98012 200.82)
0.00120499    (0.866914 -2.12113 202.501)
0.00120587    (0.435474 -2.20808 204.404)
0.00120676    (0.0286725 -2.27487 206.307)
0.00120765    (-0.233679 -2.28938 208.056)
0.00120854    (-0.344433 -2.29231 209.558)
0.00120944    (-0.265673 -2.28104 210.606)
0.00121034    (-0.00698886 -2.21894 211.342)
0.00121125    (0.362569 -2.12747 211.748)
0.00121216    (0.770403 -2.00847 211.862)
0.00121308    (1.14088 -1.84486 211.744)
0.001214      (1.43507 -1.61353 211.482)
0.00121492    (1.65747 -1.30429 211.159)
0.00121584    (1.82954 -0.92371 210.825)
0.00121676    (1.98517 -0.491093 210.57)
0.00121768    (2.12307 -0.0658423 210.392)
0.0012186     (2.23958 0.336262 210.32)
0.00121952    (2.28245 0.650332 210.364)
0.00122044    (2.20724 0.836349 210.534)
0.00122135    (1.99216 0.881539 210.816)
0.00122225    (1.64101 0.798599 211.268)
0.00122314    (1.23132 0.614381 211.775)
0.00122403    (0.779004 0.389776 212.35)
0.00122492    (0.347444 0.157648 212.95)
0.0012258     (-0.0181996 -0.103349 213.514)
0.00122668    (-0.295543 -0.373336 214.012)
0.00122755    (-0.478641 -0.673983 214.421)
0.00122842    (-0.579732 -1.00234 214.731)
0.00122929    (-0.623035 -1.38634 214.937)
0.00123016    (-0.624594 -1.80858 215.042)
0.00123103    (-0.608188 -2.2308 215.052)
0.00123191    (-0.580926 -2.59271 214.972)
0.00123278    (-0.534543 -2.81436 214.824)
0.00123365    (-0.453059 -2.86409 214.649)
0.00123453    (-0.324919 -2.71604 214.515)
0.00123541    (-0.154762 -2.39787 214.487)
0.00123629    (0.0376289 -1.96226 214.616)
0.00123718    (0.223947 -1.48527 214.902)
0.00123807    (0.378937 -1.02468 215.285)
0.00123897    (0.488917 -0.612546 215.637)
0.00123987    (0.552263 -0.254395 215.825)
0.00124078    (0.583662 0.0197631 215.763)
0.0012417     (0.584984 0.193828 215.466)
0.00124262    (0.582961 0.222769 215.04)
0.00124354    (0.560709 0.0837658 214.638)
0.00124446    (0.486873 -0.230071 214.367)
0.00124538    (0.319941 -0.71744 214.245)
0.0012463     (0.0288084 -1.3644 214.208)
0.00124723    (-0.394866 -2.08525 214.156)
0.00124816    (-0.914564 -2.79708 214.04)
0.00124909    (-1.46008 -3.39945 213.952)
0.00125003    (-1.93971 -3.79879 213.896)
0.00125098    (-2.24965 -3.97358 213.952)
0.00125193    (-2.30708 -3.94176 214.106)
0.00125289    (-2.08218 -3.75522 214.267)
0.00125384    (-1.60066 -3.46809 214.349)
0.0012548     (-0.944217 -3.12678 214.251)
0.00125575    (-0.237611 -2.73972 213.969)
0.0012567     (0.354266 -2.32567 213.54)
0.00125766    (0.730405 -1.92857 213.008)
0.00125861    (0.805386 -1.6062 212.389)
0.00125957    (0.580354 -1.39629 211.686)
0.00126053    (0.150801 -1.30526 210.897)
0.00126148    (-0.322841 -1.32284 210.035)
0.00126244    (-0.646369 -1.44033 209.09)
0.0012634     (-0.712332 -1.656 208.085)
0.00126436    (-0.479209 -1.93795 207.068)
0.00126532    (0.00874103 -2.2457 206.1)
0.00126628    (0.655378 -2.52488 205.249)
0.00126724    (1.32763 -2.74486 204.611)
0.00126819    (1.92937 -2.91395 204.238)
0.00126915    (2.41387 -3.05611 204.146)
0.0012701     (2.77842 -3.20518 204.339)
0.00127106    (3.04446 -3.37829 204.8)
0.00127201    (3.23103 -3.58192 205.482)
0.00127297    (3.34927 -3.81754 206.382)
0.00127393    (3.39658 -4.07514 207.435)
0.00127489    (3.35695 -4.35828 208.63)
0.00127585    (3.23409 -4.668 209.948)
0.00127681    (3.02015 -4.9989 211.354)
0.00127777    (2.71393 -5.33903 212.793)
0.00127873    (2.31492 -5.66763 214.174)
0.00127969    (1.82196 -5.95194 215.425)
0.00128064    (1.2549 -6.20982 216.397)
0.0012816     (0.662067 -6.43992 217.086)
0.00128256    (0.119272 -6.66602 217.509)
0.00128352    (-0.324517 -6.91686 217.676)
0.00128448    (-0.631997 -7.19752 217.642)
0.00128543    (-0.780155 -7.50763 217.458)
0.00128639    (-0.762443 -7.82951 217.166)
0.00128735    (-0.586132 -8.11677 216.811)
0.0012883     (-0.270917 -8.31254 216.424)
0.00128926    (0.150138 -8.3609 216.024)
0.00129022    (0.641775 -8.22283 215.602)
0.00129118    (1.18072 -7.87673 215.144)
0.00129213    (1.76441 -7.31342 214.626)
0.00129309    (2.39421 -6.52929 214.038)
0.00129405    (3.05913 -5.52648 213.39)
0.00129501    (3.71606 -4.30203 212.712)
0.00129597    (4.29526 -2.94824 212.032)
0.00129693    (4.71724 -1.66677 211.463)
0.0012979     (4.9211 -0.646769 210.931)
0.00129885    (4.91231 -0.0708671 210.468)
0.00129981    (4.76773 0.0152061 209.965)
0.00130076    (4.61365 -0.322775 209.293)
0.00130171    (4.56376 -0.938765 208.369)
0.00130266    (4.66794 -1.61453 207.23)
0.00130361    (4.89302 -2.24572 205.998)
0.00130456    (5.18014 -2.75578 204.772)
0.00130551    (5.4791 -3.14766 203.617)
0.00130646    (5.7256 -3.41748 202.534)
0.00130742    (5.90222 -3.53812 201.521)
0.00130838    (5.97666 -3.50131 200.56)
0.00130934    (5.93809 -3.29549 199.706)
0.00131031    (5.79233 -2.92823 198.97)
0.00131128    (5.55804 -2.42702 198.421)
0.00131225    (5.26294 -1.82829 198.127)
0.00131322    (4.94402 -1.19321 198.14)
0.00131419    (4.62172 -0.58751 198.499)
0.00131517    (4.28372 -0.0736166 199.169)
0.00131613    (3.8789 0.328307 200.049)
0.0013171     (3.3072 0.6153 200.945)
0.00131807    (2.49014 0.811294 201.686)
0.00131903    (1.44194 0.964293 202.206)
0.00132       (0.261597 1.09714 202.507)
0.00132095    (-0.85835 1.22535 202.673)
0.00132191    (-1.75161 1.37137 202.784)
0.00132286    (-2.33495 1.57159 202.875)
0.0013238     (-2.59988 1.85451 202.923)
0.00132474    (-2.5965 2.2362 202.883)
0.00132568    (-2.37593 2.7048 202.736)
0.00132661    (-2.00307 3.24825 202.5)
0.00132754    (-1.5356 3.82713 202.211)
0.00132846    (-1.03457 4.39049 201.927)
0.00132937    (-0.546716 4.8651 201.71)
0.00133028    (-0.097082 5.19193 201.599)
0.00133118    (0.303402 5.33258 201.623)
0.00133207    (0.654312 5.29008 201.796)
0.00133297    (0.957524 5.08655 202.108)
0.00133386    (1.19527 4.7529 202.567)
0.00133475    (1.36127 4.29768 203.01)
0.00133565    (1.39993 3.68872 203.36)
0.00133655    (1.26534 2.8574 203.489)
0.00133745    (0.918757 1.76241 203.257)
0.00133837    (0.337754 0.423405 202.63)
0.00133928    (-0.44654 -1.0317 201.661)
0.0013402     (-1.33255 -2.44123 200.494)
0.00134112    (-2.19945 -3.67783 199.3)
0.00134203    (-2.8878 -4.66887 198.199)
0.00134294    (-3.31554 -5.36521 197.355)
0.00134385    (-3.47308 -5.74007 196.771)
0.00134476    (-3.41681 -5.73621 196.49)
0.00134566    (-3.24125 -5.27803 196.537)
0.00134657    (-3.00511 -4.34569 196.873)
0.00134747    (-2.7441 -3.00593 197.446)
0.00134837    (-2.45311 -1.42394 198.189)
0.00134928    (-2.13079 0.150497 198.963)
0.00135018    (-1.8229 1.53454 199.788)
0.00135109    (-1.55703 2.5745 200.606)
0.001352      (-1.37978 3.22837 201.361)
0.00135291    (-1.29023 3.52381 201.986)
0.00135383    (-1.24954 3.5054 202.398)
0.00135474    (-1.21439 3.21319 202.507)
0.00135565    (-1.16706 2.67724 202.274)
0.00135656    (-1.12543 1.9275 201.683)
0.00135747    (-1.12482 1.0119 200.771)
0.00135839    (-1.216 -0.0310267 199.621)
0.0013593     (-1.42845 -1.12879 198.329)
0.00136022    (-1.74551 -2.20071 197.012)
0.00136114    (-2.11522 -3.15668 195.792)
0.00136207    (-2.49531 -3.93199 194.829)
0.001363      (-2.85988 -4.45439 194.269)
0.00136394    (-3.21665 -4.68933 194.179)
0.00136488    (-3.56463 -4.59733 194.669)
0.00136582    (-3.92074 -4.21096 195.711)
0.00136677    (-4.1963 -3.61264 197.147)
0.00136772    (-4.25317 -2.95438 198.679)
0.00136866    (-3.94494 -2.37352 200.014)
0.0013696     (-3.19139 -1.90226 200.908)
0.00137053    (-2.02075 -1.53291 201.246)
0.00137147    (-0.63929 -1.21733 201.26)
0.0013724     (0.704215 -0.881927 201.12)
0.00137334    (1.78215 -0.505229 200.972)
0.00137427    (2.44106 -0.0984624 200.863)
0.00137521    (2.67263 0.323565 200.795)
0.00137615    (2.5807 0.755833 200.751)
0.00137708    (2.30518 1.1979 200.698)
0.00137802    (1.95312 1.64504 200.644)
0.00137895    (1.53108 2.09641 200.636)
0.00137987    (1.0428 2.53176 200.673)
0.0013808     (0.453889 2.88664 200.83)
0.00138173    (-0.235643 3.11007 201.165)
0.00138265    (-0.981019 3.11718 201.692)
0.00138358    (-1.69863 2.86063 202.369)
0.00138451    (-2.29529 2.38856 203.054)
0.00138543    (-2.68562 1.81687 203.648)
0.00138636    (-2.84221 1.31063 203.945)
0.00138729    (-2.71252 1.02149 203.902)
0.00138822    (-2.28678 0.890608 203.613)
0.00138915    (-1.57684 0.829372 203.122)
0.00139007    (-0.715648 0.784897 202.586)
0.001391      (0.132332 0.687843 202.13)
0.00139192    (0.759555 0.56082 201.86)
0.00139285    (1.02233 0.515704 201.961)
0.00139378    (0.912428 0.541678 202.392)
0.00139471    (0.496406 0.608601 203.213)
0.00139564    (-0.0848211 0.655021 204.403)
0.00139657    (-0.715865 0.633892 205.843)
0.0013975     (-1.33642 0.538177 207.369)
0.00139843    (-1.87654 0.397096 208.789)
0.00139935    (-2.30831 0.227833 209.904)
0.00140028    (-2.52711 0.0564416 210.797)
0.0014012     (-2.42483 -0.134151 211.439)
0.00140212    (-1.94092 -0.37809 211.829)
0.00140304    (-1.12796 -0.723748 211.92)
0.00140396    (-0.182653 -1.20896 211.635)
0.00140488    (0.578245 -1.75909 210.964)
0.0014058     (0.847638 -2.27647 209.987)
0.00140671    (0.486185 -2.57584 208.856)
0.00140762    (-0.444851 -2.59777 207.718)
0.00140853    (-1.73914 -2.42177 206.675)
0.00140944    (-3.15409 -2.16875 205.758)
0.00141035    (-4.4954 -1.92572 204.954)
0.00141126    (-5.65075 -1.75913 204.238)
0.00141217    (-6.57847 -1.70716 203.598)
0.00141309    (-7.27247 -1.79502 203.038)
0.00141401    (-7.7288 -2.02951 202.573)
0.00141493    (-7.93367 -2.39006 202.21)
0.00141586    (-7.87049 -2.83136 201.95)
0.00141679    (-7.5416 -3.31373 201.768)
0.00141772    (-6.98044 -3.79554 201.594)
0.00141866    (-6.27099 -4.2454 201.328)
0.0014196     (-5.53261 -4.63799 200.9)
0.00142054    (-4.89367 -4.95071 200.3)
0.00142148    (-4.44384 -5.13508 199.539)
0.00142242    (-4.18971 -5.13607 198.651)
0.00142336    (-4.09828 -4.90132 197.715)
0.00142431    (-4.12925 -4.41866 196.795)
0.00142526    (-4.26875 -3.72528 195.974)
0.00142621    (-4.51971 -2.8945 195.319)
0.00142716    (-4.88399 -2.00458 194.929)
0.00142811    (-5.35751 -1.12643 194.886)
0.00142907    (-5.91779 -0.265786 195.366)
0.00143002    (-6.51379 0.516195 196.535)
0.00143097    (-7.01008 1.15917 198.487)
0.00143192    (-7.18725 1.5819 201.065)
0.00143286    (-6.74859 1.66493 203.802)
0.0014338     (-5.65008 1.24745 206.293)
0.00143474    (-3.93064 0.351226 207.741)
0.00143568    (-1.85346 -0.88553 208.457)
0.00143662    (0.309064 -2.2664 208.549)
0.00143756    (2.2502 -3.42383 208.477)
0.00143849    (3.75544 -4.04487 208.584)
0.00143943    (4.68511 -4.15107 208.97)
0.00144036    (5.09564 -4.02584 209.627)
0.0014413     (5.09704 -3.91747 210.312)
0.00144224    (4.90935 -3.8502 210.883)
0.00144318    (4.54136 -3.73689 211.446)
0.00144412    (4.15501 -3.44621 211.979)
0.00144506    (3.78766 -2.88533 212.457)
0.001446      (3.42585 -2.04811 212.785)
0.00144695    (3.03163 -1.00965 212.847)
0.00144789    (2.57871 0.0246087 212.553)
0.00144883    (2.07359 0.861222 211.881)
0.00144977    (1.59137 1.31627 210.892)
0.00145071    (1.20623 1.34002 209.712)
0.00145165    (0.982036 1.0178 208.495)
0.00145259    (0.921517 0.485769 207.357)
0.00145353    (0.959642 -0.0962725 206.354)
0.00145447    (1.01064 -0.643241 205.52)
0.00145542    (1.02077 -1.12739 204.863)
0.00145636    (0.952647 -1.56006 204.432)
0.0014573     (0.803172 -1.9453 204.288)
0.00145824    (0.585897 -2.26887 204.481)
0.00145919    (0.341349 -2.52547 205.087)
0.00146014    (0.126993 -2.74024 206.019)
0.00146108    (-0.0137371 -2.9681 207.154)
0.00146203    (-0.0649436 -3.28438 208.298)
0.00146298    (-0.0424901 -3.72156 209.254)
0.00146393    (-0.0033738 -4.24192 209.884)
0.00146488    (-0.00908767 -4.77202 210.156)
0.00146584    (-0.102432 -5.22009 210.126)
0.00146679    (-0.266726 -5.52131 209.924)
0.00146775    (-0.416672 -5.66894 209.682)
0.00146871    (-0.443689 -5.65456 209.462)
0.00146966    (-0.271642 -5.43828 209.125)
0.00147061    (0.0674214 -4.92659 208.51)
0.00147156    (0.497962 -4.04229 207.418)
0.00147251    (0.896975 -2.77648 205.737)
0.00147345    (1.17078 -1.1948 203.546)
0.0014744     (1.26729 0.544436 200.978)
0.00147534    (1.22855 2.2619 198.276)
0.00147629    (1.12076 3.7969 195.757)
0.00147723    (0.99101 5.06034 193.68)
0.00147818    (0.873692 6.04842 192.222)
0.00147912    (0.802158 6.74092 191.747)
0.00148007    (0.86428 7.2369 192.36)
0.00148101    (1.0935 7.64762 194.173)
0.00148195    (1.47437 8.07886 197.197)
0.00148289    (1.86323 8.40147 201.116)
0.00148383    (2.07405 8.29959 205.365)
0.00148477    (2.01724 7.44468 209.19)
0.00148571    (1.65631 5.70372 211.524)
0.00148665    (1.14531 3.53824 212.609)
0.00148759    (0.567767 1.3223 212.79)
0.00148853    (0.0504033 -0.47864 212.589)
0.00148946    (-0.290154 -1.69337 212.329)
0.00149039    (-0.427666 -2.36428 212.237)
0.00149133    (-0.436098 -2.58816 212.253)
0.00149226    (-0.392796 -2.46935 212.331)
0.00149319    (-0.338661 -2.117 212.41)
0.00149412    (-0.279627 -1.6367 212.381)
0.00149506    (-0.174907 -1.16219 212.164)
0.00149599    (0.00788941 -0.831725 211.662)
0.00149692    (0.272817 -0.758617 210.863)
0.00149785    (0.594158 -1.00014 209.848)
0.00149879    (0.911502 -1.50119 208.7)
0.00149972    (1.12527 -2.13739 207.639)
0.00150066    (1.14814 -2.75573 206.794)
0.00150161    (0.92452 -3.17918 206.274)
0.00150255    (0.504689 -3.29167 206.066)
0.0015035     (0.0134586 -3.03357 206.014)
0.00150444    (-0.371913 -2.40881 206.016)
0.00150538    (-0.560118 -1.47938 205.735)
0.00150633    (-0.494092 -0.4159 205.228)
0.00150727    (-0.197866 0.623938 204.491)
0.00150821    (0.250792 1.48286 203.585)
0.00150914    (0.770949 2.04154 202.615)
0.00151007    (1.31069 2.27155 201.659)
0.001511      (1.84444 2.19781 200.745)
0.00151193    (2.35671 1.88587 199.886)
0.00151285    (2.83046 1.41524 199.098)
0.00151377    (3.24548 0.874069 198.417)
0.00151469    (3.58175 0.334722 197.905)
0.0015156     (3.83224 -0.146066 197.629)
0.00151652    (4.00455 -0.53071 197.662)
0.00151743    (4.14838 -0.801288 198.089)
0.00151833    (4.29805 -0.960071 198.931)
0.00151924    (4.48757 -1.02691 200.164)
0.00152015    (4.72499 -1.03999 201.675)
0.00152105    (4.98384 -1.05337 203.28)
0.00152195    (5.22276 -1.11353 204.762)
0.00152286    (5.38621 -1.24145 205.921)
0.00152376    (5.43846 -1.41757 206.622)
0.00152466    (5.38252 -1.59261 206.816)
0.00152556    (5.23327 -1.71292 206.507)
0.00152647    (5.01198 -1.74524 205.766)
0.00152737    (4.73132 -1.68545 204.688)
0.00152829    (4.40376 -1.55559 203.381)
0.0015292     (4.05363 -1.39537 201.954)
0.00153012    (3.71603 -1.2489 200.479)
0.00153106    (3.44026 -1.15666 199.028)
0.00153201    (3.28066 -1.14344 197.688)
0.00153296    (3.26677 -1.19107 196.565)
0.00153389    (3.38475 -1.24923 195.749)
0.00153483    (3.5905 -1.26047 195.31)
0.00153575    (3.82473 -1.18098 195.277)
0.00153667    (3.99311 -0.975374 195.645)
0.00153759    (4.02449 -0.620824 196.438)
0.00153851    (3.86098 -0.126532 197.554)
0.00153942    (3.5288 0.47963 198.942)
0.00154033    (3.09294 1.12206 200.495)
0.00154125    (2.66444 1.6934 202.092)
0.00154216    (2.34199 2.10936 203.629)
0.00154308    (2.17458 2.32463 205.017)
0.001544      (2.12801 2.34918 206.256)
0.00154493    (2.17401 2.24046 207.213)
0.00154586    (2.24094 2.05778 207.978)
0.0015468     (2.24122 1.79236 208.571)
0.00154775    (2.15257 1.43838 209.01)
0.0015487     (1.98282 0.956784 209.309)
0.00154966    (1.7793 0.324095 209.489)
0.00155062    (1.61294 -0.431028 209.587)
0.00155158    (1.55127 -1.21971 209.651)
0.00155254    (1.64239 -1.94226 209.733)
0.0015535     (1.92398 -2.52201 209.846)
0.00155445    (2.38828 -2.92035 209.972)
0.00155541    (3.00246 -3.14007 210.066)
0.00155637    (3.70049 -3.21044 210.076)
0.00155733    (4.39594 -3.17175 209.954)
0.00155829    (4.99795 -3.06978 209.717)
0.00155925    (5.4437 -2.92723 209.358)
0.00156021    (5.69089 -2.76849 208.921)
0.00156117    (5.72605 -2.6128 208.452)
0.00156213    (5.57028 -2.47636 207.99)
0.00156308    (5.25744 -2.36824 207.561)
0.00156404    (4.84158 -2.28012 207.178)
0.00156499    (4.38411 -2.19408 206.816)
0.00156595    (3.94809 -2.08163 206.447)
0.0015669     (3.6005 -1.90843 206.034)
0.00156786    (3.39436 -1.67073 205.535)
0.00156881    (3.36447 -1.37494 204.93)
0.00156977    (3.51289 -1.03665 204.22)
0.00157072    (3.79987 -0.675624 203.425)
0.00157168    (4.15783 -0.315918 202.574)
0.00157264    (4.50335 0.0151627 201.695)
0.0015736     (4.75976 0.305802 200.842)
0.00157456    (4.87984 0.548654 200.085)
0.00157553    (4.87189 0.765431 199.508)
0.00157649    (4.78066 0.995636 199.194)
0.00157746    (4.68695 1.28872 199.226)
0.00157842    (4.67859 1.69021 199.668)
0.00157939    (4.80434 2.22749 200.527)
0.00158035    (5.0546 2.88751 201.785)
0.00158131    (5.39072 3.63642 203.393)
0.00158227    (5.72456 4.38976 205.227)
0.00158323    (5.95549 5.01278 207.069)
0.00158419    (5.97683 5.35637 208.628)
0.00158515    (5.69501 5.2912 209.603)
0.00158611    (5.06953 4.76926 209.838)
0.00158706    (4.15746 3.85501 209.392)
0.00158802    (3.13012 2.72603 208.541)
0.00158898    (2.16111 1.49052 207.519)
0.00158994    (1.41456 0.262509 206.544)
0.0015909     (0.966852 -0.906586 205.684)
0.00159185    (0.831166 -1.9649 204.934)
0.0015928     (1.01392 -2.86178 204.301)
0.00159375    (1.47052 -3.5527 203.803)
0.00159469    (2.12115 -3.99923 203.452)
0.00159563    (2.8418 -4.16016 203.22)
0.00159656    (3.49184 -3.97775 203.032)
0.0015975     (3.94881 -3.38207 202.773)
0.00159843    (4.13133 -2.33361 202.336)
0.00159937    (4.00819 -0.884431 201.683)
0.0016003     (3.61287 0.795026 200.859)
0.00160123    (3.10692 2.44198 199.913)
0.00160217    (2.74382 3.78364 198.864)
0.0016031     (2.74294 4.62703 197.696)
0.00160404    (3.24091 4.86467 196.389)
0.00160498    (4.29721 4.50277 194.948)
0.00160592    (5.88332 3.56914 193.41)
0.00160687    (7.86238 2.25757 191.841)
0.00160782    (9.96838 0.853298 190.318)
0.00160876    (11.8157 -0.322749 189.019)
0.00160971    (13.0557 -0.997705 188.179)
0.00161065    (13.4302 -1.04107 187.815)
0.0016116     (12.9683 -0.385463 187.952)
0.00161255    (11.8846 0.76631 188.459)
0.00161349    (10.4503 2.14239 189.031)
0.00161444    (8.82433 3.52308 189.54)
0.00161539    (7.15688 4.79072 189.947)
0.00161633    (5.56912 5.91615 190.327)
0.00161728    (4.20449 6.91778 190.88)
0.00161823    (3.20474 7.75453 191.783)
0.00161917    (2.68302 8.36766 193.121)
0.00162012    (2.63273 8.64985 194.8)
0.00162106    (2.90978 8.51206 196.594)
0.00162201    (3.3521 7.9636 198.272)
0.00162295    (3.78969 7.15966 199.739)
0.0016239     (4.12081 6.25777 200.747)
0.00162484    (4.30282 5.39759 201.462)
0.00162579    (4.34432 4.64799 201.907)
0.00162673    (4.24623 4.01589 202.156)
0.00162767    (4.04243 3.468 202.266)
0.00162862    (3.75676 2.9704 202.34)
0.00162956    (3.40736 2.49328 202.387)
0.0016305     (2.99935 2.01313 202.426)
0.00163144    (2.52504 1.50033 202.471)
0.00163239    (1.97264 0.9283 202.461)
0.00163333    (1.33789 0.27082 202.376)
0.00163427    (0.65452 -0.464434 202.177)
0.00163522    (-0.0458963 -1.27186 201.85)
0.00163616    (-0.718466 -2.13441 201.378)
0.00163711    (-1.34608 -3.0298 200.78)
0.00163806    (-1.93638 -3.93128 200.076)
0.001639      (-2.5159 -4.79307 199.233)
0.00163995    (-3.10154 -5.54924 198.355)
0.0016409     (-3.69243 -6.12766 197.389)
0.00164185    (-4.29042 -6.45639 196.414)
0.0016428     (-4.84565 -6.48871 195.478)
0.00164375    (-5.29608 -6.22718 194.624)
0.0016447     (-5.58008 -5.72931 193.909)
0.00164565    (-5.66187 -5.08774 193.387)
0.0016466     (-5.54043 -4.40045 193.124)
0.00164755    (-5.2489 -3.74218 193.174)
0.0016485     (-4.85512 -3.14724 193.58)
0.00164944    (-4.42752 -2.61055 194.335)
0.00165039    (-4.01468 -2.10603 195.387)
0.00165134    (-3.63237 -1.61224 196.631)
0.00165229    (-3.26863 -1.12794 197.928)
0.00165324    (-2.90547 -0.680338 199.144)
0.00165419    (-2.5429 -0.302765 200.17)
0.00165515    (-2.20196 -0.0358717 200.94)
0.00165611    (-1.90831 0.0893021 201.438)
0.00165706    (-1.67287 0.0599127 201.709)
0.00165803    (-1.48088 -0.118428 201.805)
0.00165899    (-1.3081 -0.4214 201.843)
0.00165995    (-1.13013 -0.807577 201.932)
0.00166091    (-0.938772 -1.23033 202.168)
0.00166187    (-0.754234 -1.62234 202.593)
0.00166283    (-0.594023 -1.9171 203.173)
0.00166379    (-0.451121 -2.06336 203.809)
0.00166475    (-0.286955 -2.03806 204.368)
0.00166571    (-0.0468291 -1.86144 204.728)
0.00166667    (0.306185 -1.57844 204.822)
0.00166763    (0.764112 -1.22514 204.638)
0.00166858    (1.27512 -0.806152 204.214)
0.00166954    (1.76003 -0.305358 203.617)
0.0016705     (2.12895 0.293544 202.919)
0.00167145    (2.3013 0.976568 202.18)
0.0016724     (2.23022 1.6901 201.468)
0.00167336    (1.89864 2.34564 200.802)
0.00167431    (1.35897 2.84475 200.185)
0.00167526    (0.673227 3.12418 199.622)
0.00167621    (-0.0801537 3.19412 199.128)
0.00167716    (-0.832721 3.12928 198.719)
0.0016781     (-1.53534 3.03913 198.441)
0.00167905    (-2.1465 3.01792 198.314)
0.00168       (-2.63008 3.10353 198.388)
0.00168095    (-2.95717 3.30935 198.685)
0.00168189    (-3.09867 3.61524 199.162)
0.00168284    (-3.05931 3.97962 199.783)
0.00168379    (-2.83237 4.3377 200.473)
0.00168473    (-2.44202 4.6103 201.171)
0.00168568    (-1.94994 4.71415 201.84)
0.00168663    (-1.45224 4.58347 202.477)
0.00168758    (-1.05955 4.18555 203.096)
0.00168853    (-0.863068 3.52905 203.704)
0.00168948    (-0.904253 2.66407 204.306)
0.00169043    (-1.15836 1.67612 204.904)
0.00169138    (-1.54717 0.668672 205.502)
0.00169233    (-1.97351 -0.26468 206.074)
0.00169328    (-2.37118 -1.09284 206.574)
0.00169423    (-2.70794 -1.80243 206.936)
0.00169519    (-3.02051 -2.40319 207.132)
0.00169614    (-3.35826 -2.88504 207.094)
0.00169709    (-3.76367 -3.20975 206.866)
0.00169804    (-4.26761 -3.32016 206.494)
0.001699      (-4.86617 -3.15606 206.023)
0.00169996    (-5.54472 -2.69502 205.524)
0.00170091    (-6.27843 -1.95292 205.074)
0.00170186    (-7.02101 -0.988545 204.734)
0.0017028     (-7.71208 0.11125 204.529)
0.00170374    (-8.27754 1.26235 204.39)
0.00170468    (-8.624 2.38954 204.201)
0.00170561    (-8.71297 3.38175 203.879)
0.00170654    (-8.60991 4.10636 203.373)
0.00170746    (-8.44484 4.43549 202.7)
0.00170838    (-8.33682 4.28295 201.932)
0.0017093     (-8.30569 3.68709 201.171)
0.00171022    (-8.22463 2.77209 200.531)
0.00171115    (-7.85373 1.72528 200.128)
0.00171207    (-6.98748 0.742213 199.977)
0.001713      (-5.60463 -0.0631252 200.191)
0.00171393    (-3.89264 -0.69656 200.772)
0.00171487    (-2.1509 -1.27379 201.683)
0.00171581    (-0.526778 -1.92111 202.89)
0.00171675    (0.991974 -2.60991 204.27)
0.00171769    (2.50748 -3.15598 205.678)
0.00171864    (4.09896 -3.29109 206.994)
0.00171958    (5.736 -2.82283 208.111)
0.00172051    (7.38389 -1.7803 209.033)
0.00172144    (8.85778 -0.333615 209.68)
0.00172236    (9.96404 1.26299 210.157)
0.00172328    (10.5428 2.73369 210.468)
0.00172419    (10.5039 3.93752 210.604)
0.0017251     (9.85321 4.88558 210.508)
0.001726      (8.69907 5.6745 210.11)
0.0017269     (7.21266 6.39707 209.379)
0.0017278     (5.58548 7.05952 208.341)
0.0017287     (4.00788 7.61164 207.153)
0.00172959    (2.62848 7.9954 205.973)
0.00173049    (1.4975 8.16743 205.061)
0.00173138    (0.572674 8.15697 204.433)
0.00173227    (-0.280553 7.99942 204.045)
0.00173316    (-1.2074 7.73267 203.827)
0.00173405    (-2.28801 7.35936 203.64)
0.00173494    (-3.49483 6.8827 203.387)
0.00173584    (-4.6854 6.26315 202.98)
0.00173673    (-5.60933 5.47788 202.38)
0.00173762    (-6.02039 4.50445 201.622)
0.00173852    (-5.76674 3.34899 200.83)
0.00173941    (-4.90948 2.06671 200.207)
0.00174031    (-3.73456 0.775202 199.921)
0.00174124    (-2.64589 -0.381578 200.064)
0.00174217    (-1.85759 -1.2348 200.577)
0.00174311    (-1.43343 -1.66904 201.308)
0.00174404    (-1.20663 -1.71722 202.103)
0.00174498    (-0.963459 -1.52566 202.878)
0.00174592    (-0.548906 -1.30385 203.508)
0.00174685    (0.0644119 -1.13918 204.001)
0.00174779    (0.825987 -1.05081 204.318)
0.00174873    (1.62986 -1.01278 204.449)
0.00174967    (2.36386 -1.01806 204.38)
0.00175061    (2.93856 -1.12589 204.085)
0.00175155    (3.28918 -1.45426 203.533)
0.00175249    (3.38693 -2.13635 202.715)
0.00175343    (3.2387 -3.24678 201.656)
0.00175437    (2.87361 -4.74666 200.439)
0.00175531    (2.32408 -6.44246 199.197)
0.00175624    (1.62432 -8.02262 198.041)
0.00175718    (0.805718 -9.16081 197.061)
0.00175811    (-0.0642774 -9.52999 196.484)
0.00175904    (-0.861507 -9.14681 196.187)
0.00175996    (-1.4461 -8.17635 196.244)
0.00176088    (-1.71083 -6.90728 196.665)
0.0017618     (-1.60627 -5.65683 197.379)
0.00176272    (-1.11619 -4.57612 198.221)
0.00176364    (-0.353867 -3.7091 199.164)
0.00176455    (0.539772 -2.9839 200.027)
0.00176545    (1.37563 -2.30823 200.7)
0.00176635    (2.0995 -1.57471 201.364)
0.00176723    (2.6432 -0.799601 202.044)
0.00176812    (2.99275 -0.0408163 202.784)
0.001769      (3.16223 0.627873 203.601)
0.00176987    (3.16627 1.14437 204.463)
0.00177074    (3.01192 1.49633 205.262)
0.00177161    (2.68231 1.7116 205.922)
0.00177249    (2.14923 1.83173 206.365)
0.00177336    (1.40765 1.87911 206.547)
0.00177424    (0.46772 1.8505 206.531)
0.00177513    (-0.585395 1.75147 206.342)
0.00177602    (-1.66763 1.61565 206.011)
0.00177691    (-2.67706 1.45303 205.633)
0.0017778     (-3.49499 1.29054 205.153)
0.0017787     (-4.04208 1.15602 204.559)
0.00177959    (-4.25268 1.06869 203.847)
0.00178049    (-4.10221 1.02646 203.045)
0.0017814     (-3.62019 0.991837 202.24)
0.00178231    (-2.89809 0.924783 201.489)
0.00178323    (-2.06017 0.7867 200.994)
0.00178415    (-1.23284 0.570361 200.868)
0.00178507    (-0.489983 0.312042 201.224)
0.001786      (0.107257 0.0781154 202.09)
0.00178692    (0.551335 -0.050549 203.37)
0.00178784    (0.834547 -0.0479311 204.87)
0.00178875    (0.998075 0.0252743 206.447)
0.00178967    (1.05521 0.115866 207.725)
0.00179057    (1.08416 0.201778 208.717)
0.00179147    (1.11862 0.341059 209.364)
0.00179236    (1.19583 0.570981 209.649)
0.00179325    (1.3683 0.905066 209.548)
0.00179413    (1.63743 1.2851 209.044)
0.00179501    (1.96007 1.60237 208.137)
0.00179589    (2.25564 1.70844 206.874)
0.00179676    (2.42517 1.49842 205.401)
0.00179763    (2.38875 0.949355 203.924)
0.00179851    (2.12575 0.152715 202.665)
0.0017994     (1.70168 -0.734089 201.797)
0.00180032    (1.21819 -1.55435 201.381)
0.00180124    (0.767398 -2.18323 201.353)
0.00180218    (0.400991 -2.57032 201.558)
0.00180311    (0.13626 -2.72001 201.828)
0.00180405    (-0.0178978 -2.6698 202.047)
0.00180498    (-0.0545376 -2.47922 202.166)
0.00180591    (0.0344896 -2.20906 202.185)
0.00180684    (0.246753 -1.90198 202.138)
0.00180776    (0.56816 -1.58764 202.069)
0.00180869    (0.971948 -1.27159 202.001)
0.00180961    (1.41984 -0.93431 201.993)
0.00181053    (1.88405 -0.572183 202.016)
0.00181143    (2.34879 -0.179697 202.052)
0.00181232    (2.80774 0.219691 202.074)
0.0018132     (3.267 0.596867 202.054)
0.00181407    (3.73597 0.901064 201.974)
0.00181493    (4.22263 1.1035 201.832)
0.00181579    (4.72699 1.18433 201.619)
0.00181665    (5.24243 1.13355 201.363)
0.00181751    (5.75092 0.967831 201.105)
0.00181837    (6.23166 0.708984 200.9)
0.00181923    (6.64033 0.397234 200.817)
0.00182009    (6.93248 0.0912327 200.939)
0.00182096    (7.06074 -0.14499 201.336)
0.00182184    (6.97882 -0.263604 202.05)
0.00182271    (6.66218 -0.266356 203.042)
0.0018236     (6.12292 -0.221263 204.222)
0.00182449    (5.41467 -0.24799 205.43)
0.00182538    (4.62618 -0.492769 206.466)
0.00182628    (3.8586 -1.02632 207.18)
0.00182719    (3.20296 -1.78373 207.499)
0.00182809    (2.72039 -2.62378 207.458)
0.00182899    (2.43564 -3.36564 207.167)
0.0018299     (2.33062 -3.86217 206.786)
0.0018308     (2.36201 -4.05539 206.465)
0.00183171    (2.47711 -3.95562 206.313)
0.00183261    (2.6284 -3.61723 206.374)
0.00183352    (2.77796 -3.10876 206.645)
0.00183443    (2.89963 -2.49844 207.083)
0.00183534    (2.97843 -1.85621 207.632)
0.00183625    (3.00938 -1.25978 208.247)
0.00183717    (2.98856 -0.781039 208.924)
0.00183809    (2.93626 -0.484413 209.59)
0.00183902    (2.8453 -0.362598 210.257)
0.00183995    (2.72768 -0.402679 210.91)
0.00184089    (2.58744 -0.576103 211.514)
0.00184183    (2.43025 -0.841368 212.051)
0.00184277    (2.26611 -1.16189 212.504)
0.00184372    (2.10592 -1.50647 212.856)
0.00184467    (1.97699 -1.85199 213.088)
0.00184562    (1.90309 -2.18331 213.188)
0.00184656    (1.9158 -2.49204 213.156)
0.00184751    (2.04466 -2.77007 213.026)
0.00184845    (2.30073 -2.99645 212.875)
0.00184938    (2.66194 -3.11694 212.818)
0.00185031    (3.08989 -3.03634 212.944)
0.00185123    (3.49814 -2.64403 213.274)
0.00185216    (3.78619 -1.83099 213.693)
0.00185308    (3.86964 -0.540656 213.969)
0.001854      (3.70824 1.14624 213.905)
0.00185491    (3.34234 3.01221 213.408)
0.00185583    (2.87368 4.81277 212.577)
0.00185674    (2.3726 6.43774 211.624)
0.00185765    (1.82702 7.81913 210.708)
0.00185856    (1.15306 8.97644 210.022)
0.00185947    (0.228359 9.90819 209.56)
0.00186038    (-1.01542 10.6153 209.297)
0.00186129    (-2.58143 11.0978 209.153)
0.00186221    (-4.34728 11.3595 209.008)
0.00186313    (-6.08671 11.3913 208.805)
0.00186404    (-7.46762 11.1222 208.541)
0.00186496    (-8.21242 10.4772 208.237)
0.00186587    (-8.22291 9.43761 207.992)
0.00186679    (-7.59058 8.02884 207.749)
0.0018677     (-6.61497 6.41796 207.519)
0.00186862    (-5.60132 4.7765 207.29)
0.00186954    (-4.76173 3.20051 206.988)
0.00187047    (-4.21174 1.83076 206.542)
0.0018714     (-3.92987 0.749788 205.964)
0.00187232    (-3.86045 0.0360499 205.17)
0.00187324    (-3.90087 -0.230954 204.193)
0.00187416    (-3.92585 -0.0376912 203.111)
0.00187508    (-3.86269 0.540293 201.91)
0.00187601    (-3.59524 1.31737 200.67)
0.00187693    (-3.09525 2.15703 199.35)
0.00187786    (-2.36469 2.86459 197.891)
0.00187878    (-1.44053 3.32631 196.224)
0.0018797     (-0.425331 3.4856 194.314)
0.00188063    (0.579885 3.33132 192.143)
0.00188155    (1.49907 2.93318 189.799)
0.00188247    (2.27261 2.38682 187.443)
0.00188338    (2.87569 1.77579 185.283)
0.0018843     (3.29109 1.17396 183.512)
0.00188521    (3.54923 0.621374 182.257)
0.00188612    (3.64548 0.0946263 181.77)
0.00188703    (3.64098 -0.401064 182.134)
0.00188794    (3.6158 -0.919915 183.356)
0.00188885    (3.63111 -1.51193 185.474)
0.00188975    (3.62488 -2.08957 188.306)
0.00189066    (3.43331 -2.4653 191.454)
0.00189156    (2.88783 -2.43143 194.583)
0.00189246    (1.99536 -1.97753 197.226)
0.00189336    (0.927906 -1.26946 199.143)
0.00189426    (-0.022961 -0.582793 200.673)
0.00189516    (-0.830463 0.0487013 201.907)
0.00189606    (-1.41674 0.556211 202.942)
0.00189696    (-1.81322 0.973136 203.762)
0.00189787    (-2.08092 1.34818 204.336)
0.00189877    (-2.27186 1.69623 204.657)
0.00189968    (-2.43438 2.0066 204.745)
0.00190059    (-2.60867 2.25803 204.611)
0.0019015     (-2.82791 2.42938 204.253)
0.00190241    (-3.11553 2.49347 203.657)
0.00190333    (-3.47142 2.41106 202.799)
0.00190425    (-3.87435 2.13526 201.668)
0.00190517    (-4.2811 1.62688 200.275)
0.0019061     (-4.62352 0.872173 198.669)
0.00190701    (-4.82221 -0.112134 196.919)
0.00190791    (-4.80052 -1.27358 195.103)
0.00190881    (-4.4936 -2.51757 193.314)
0.0019097     (-3.86288 -3.71943 191.654)
0.00191058    (-2.90031 -4.77202 190.213)
0.00191146    (-1.63664 -5.60503 189.034)
0.00191233    (-0.125224 -6.16894 188.129)
0.0019132     (1.53358 -6.42638 187.459)
0.00191406    (3.19069 -6.3798 187.054)
0.00191493    (4.6685 -6.00144 186.821)
0.00191579    (5.84822 -5.23384 186.728)
0.00191665    (6.61312 -4.04213 186.712)
0.00191752    (6.90651 -2.44259 186.685)
0.00191838    (6.78441 -0.507459 186.588)
0.00191925    (6.40058 1.60364 186.402)
0.00192011    (5.94233 3.64977 186.211)
0.00192098    (5.60077 5.35383 186.133)
0.00192186    (5.38553 6.53092 186.169)
0.00192274    (5.26517 7.09957 186.423)
0.00192362    (5.13862 7.13063 186.846)
0.0019245     (4.86659 6.77225 187.347)
0.00192539    (4.33563 6.18558 187.82)
0.00192627    (3.48146 5.50591 188.172)
0.00192715    (2.29582 4.79976 188.357)
0.00192803    (0.829756 4.11542 188.363)
0.00192891    (-0.810872 3.51045 188.283)
0.00192978    (-2.42627 3.09564 188.294)
0.00193066    (-3.74974 3.01152 188.524)
0.00193153    (-4.56673 3.3037 189.119)
0.0019324     (-4.79637 3.81917 190.069)
0.00193327    (-4.55235 4.3635 191.248)
0.00193414    (-3.91779 4.67762 192.496)
0.00193501    (-3.01769 4.63547 193.647)
0.00193588    (-1.96409 4.24724 194.415)
0.00193675    (-0.821428 3.60989 194.836)
0.00193762    (0.323979 2.88174 194.901)
0.00193849    (1.39856 2.25697 194.704)
0.00193936    (2.33209 1.8227 194.373)
0.00194023    (3.05957 1.69177 194.014)
0.00194111    (3.54485 1.89662 193.67)
0.00194198    (3.79689 2.42352 193.351)
0.00194286    (3.87653 3.21366 193.009)
0.00194373    (3.87832 4.14616 192.575)
0.00194462    (3.89736 5.00381 192.008)
0.0019455     (3.96073 5.52528 191.331)
0.00194639    (4.03695 5.45475 190.632)
0.00194728    (4.04774 4.66054 190.214)
0.00194817    (3.86239 3.25683 190.22)
0.00194905    (3.39991 1.65731 190.888)
0.00194993    (2.63537 0.262869 192.253)
0.0019508     (1.64782 -0.667829 194.185)
0.00195167    (0.599447 -1.22792 196.371)
0.00195254    (-0.273727 -1.51898 198.609)
0.0019534     (-0.932822 -1.72126 200.531)
0.00195427    (-1.33124 -1.87934 202.056)
0.00195515    (-1.50075 -2.01564 203.347)
0.00195603    (-1.42769 -2.16715 204.412)
0.00195692    (-1.20577 -2.30296 205.262)
0.00195782    (-0.910673 -2.3636 205.892)
0.00195873    (-0.600481 -2.29079 206.276)
0.00195965    (-0.329704 -2.01686 206.385)
0.00196059    (-0.149068 -1.4864 206.194)
0.00196154    (-0.100439 -0.670901 205.733)
0.0019625     (-0.199954 0.395778 205.066)
0.00196345    (-0.401141 1.67252 204.349)
0.0019644     (-0.642557 3.07909 203.766)
0.00196534    (-0.874046 4.53743 203.577)
0.00196627    (-1.06591 5.91212 203.944)
0.0019672     (-1.19753 7.08113 204.825)
0.00196812    (-1.22761 7.82777 206.128)
0.00196903    (-1.09974 8.00539 207.589)
0.00196994    (-0.764395 7.5719 208.891)
0.00197085    (-0.225806 6.64319 209.834)
0.00197176    (0.396585 5.52699 210.439)
0.00197266    (0.962474 4.47155 210.818)
0.00197357    (1.30391 3.6142 211.134)
0.00197448    (1.36037 2.99095 211.424)
0.0019754     (1.17013 2.53117 211.641)
0.00197632    (0.843921 2.15651 211.748)
0.00197724    (0.444689 1.82327 211.732)
0.00197817    (0.0329476 1.52343 211.602)
0.00197911    (-0.374796 1.29622 211.42)
0.00198006    (-0.770948 1.19162 211.249)
0.00198101    (-1.13919 1.23027 211.2)
0.00198197    (-1.45569 1.40259 211.318)
0.00198292    (-1.69909 1.64864 211.632)
0.00198388    (-1.87106 1.9175 212.136)
0.00198482    (-1.9791 2.13648 212.769)
0.00198576    (-2.04005 2.2566 213.463)
0.0019867     (-2.07 2.24302 214.159)
0.00198763    (-2.0797 2.08518 214.804)
0.00198856    (-2.07385 1.79657 215.353)
0.00198949    (-2.05614 1.40561 215.775)
0.00199042    (-2.03979 0.942939 216.057)
0.00199135    (-2.03018 0.453875 216.229)
0.00199228    (-2.02056 -0.0432554 216.291)
0.00199321    (-2.02442 -0.521704 216.274)
0.00199414    (-2.05833 -0.954784 216.231)
0.00199507    (-2.13027 -1.32214 216.206)
0.001996      (-2.25117 -1.60478 216.233)
0.00199693    (-2.42448 -1.7897 216.323)
0.00199786    (-2.64786 -1.855 216.464)
0.00199879    (-2.919 -1.80331 216.632)
0.00199972    (-3.23443 -1.62845 216.789)
0.00200066    (-3.59322 -1.34812 216.902)
0.00200159    (-3.99326 -1.0028 216.949)
0.00200253    (-4.419 -0.657134 216.928)
0.00200347    (-4.85229 -0.373162 216.855)
0.00200441    (-5.26526 -0.208499 216.728)
0.00200535    (-5.62196 -0.187431 216.544)
0.00200629    (-5.8932 -0.311033 216.312)
0.00200724    (-6.05543 -0.528785 216.055)
0.00200818    (-6.09858 -0.738597 215.823)
