# Probe 0 (0 0 0.76)
# Time        0            
0             (-0.439888 -2.99661 212.971)
3.10735e-07   (-0.265955 -2.94719 213.261)
1.22665e-06   (0.249656 -2.7198 214.061)
2.19584e-06   (0.859445 -2.41107 214.683)
3.17132e-06   (1.66727 -2.00494 215.183)
4.14887e-06   (2.58087 -1.45488 215.454)
5.12854e-06   (3.47226 -0.863693 215.485)
6.1078e-06    (4.28041 -0.25492 215.314)
7.08664e-06   (4.90803 0.37992 214.95)
8.06492e-06   (5.2301 0.977384 214.48)
9.04265e-06   (5.16688 1.4922 213.97)
1.00199e-05   (4.74221 1.91138 213.49)
1.09964e-05   (4.06565 2.24493 213.089)
1.19724e-05   (3.24923 2.53189 212.782)
1.29478e-05   (2.39786 2.79587 212.537)
1.39226e-05   (1.59004 3.05022 212.308)
1.48966e-05   (0.879035 3.29619 212.065)
1.58698e-05   (0.294699 3.51244 211.792)
1.6842e-05    (-0.160462 3.66361 211.49)
1.78133e-05   (-0.495472 3.71343 211.189)
1.87835e-05   (-0.728989 3.63401 210.898)
1.97529e-05   (-0.905286 3.40537 210.614)
2.07213e-05   (-1.05538 3.01967 210.343)
2.16887e-05   (-1.21264 2.48133 210.073)
2.26552e-05   (-1.39129 1.81736 209.801)
2.36208e-05   (-1.58722 1.06014 209.521)
2.45856e-05   (-1.7864 0.249561 209.246)
2.55496e-05   (-1.96918 -0.552401 208.978)
2.65131e-05   (-2.11825 -1.31061 208.719)
2.74764e-05   (-2.20876 -1.9929 208.505)
2.84393e-05   (-2.2383 -2.57457 208.334)
2.94021e-05   (-2.20833 -3.04513 208.197)
3.03649e-05   (-2.1359 -3.39479 208.099)
3.13277e-05   (-2.03656 -3.6114 208.034)
3.22907e-05   (-1.91651 -3.6826 207.992)
3.3254e-05    (-1.7662 -3.59999 207.976)
3.42176e-05   (-1.57873 -3.36079 207.94)
3.51818e-05   (-1.3464 -2.97034 207.882)
3.61463e-05   (-1.06582 -2.45564 207.783)
3.71113e-05   (-0.754748 -1.83351 207.622)
3.80766e-05   (-0.430653 -1.15117 207.386)
3.90422e-05   (-0.115032 -0.462633 207.069)
4.00081e-05   (0.182337 0.172142 206.672)
4.09741e-05   (0.445925 0.684083 206.209)
4.19401e-05   (0.674864 1.03445 205.71)
4.29059e-05   (0.860971 1.19794 205.226)
4.38714e-05   (0.988085 1.18268 204.798)
4.48366e-05   (1.04165 1.03305 204.45)
4.58014e-05   (1.01698 0.819778 204.194)
4.67658e-05   (0.929213 0.627667 204.031)
4.77299e-05   (0.802599 0.500744 203.955)
4.86936e-05   (0.657544 0.472531 203.95)
4.9657e-05    (0.505994 0.540203 203.989)
5.06201e-05   (0.3539 0.68327 204.037)
5.15827e-05   (0.203505 0.883885 204.058)
5.25446e-05   (0.0564998 1.1215 204.029)
5.35058e-05   (-0.0867114 1.38321 203.937)
5.4467e-05    (-0.221279 1.65973 203.78)
5.54287e-05   (-0.353283 1.94114 203.563)
5.63914e-05   (-0.477564 2.21667 203.293)
5.73558e-05   (-0.592468 2.4741 202.969)
5.83221e-05   (-0.696376 2.69983 202.611)
5.92901e-05   (-0.786566 2.87235 202.239)
6.02599e-05   (-0.861842 2.97286 201.86)
6.12311e-05   (-0.913169 2.98414 201.506)
6.22038e-05   (-0.932538 2.89063 201.204)
6.31778e-05   (-0.914889 2.68749 200.986)
6.41531e-05   (-0.856042 2.38408 200.882)
6.51294e-05   (-0.748198 2.00338 200.918)
6.61071e-05   (-0.59697 1.5726 201.099)
6.70875e-05   (-0.399016 1.13561 201.437)
6.8072e-05    (-0.164343 0.725985 201.931)
6.90575e-05   (0.0831328 0.370754 202.561)
7.00427e-05   (0.312538 0.0834044 203.293)
7.10275e-05   (0.493801 -0.138281 204.063)
7.2012e-05    (0.603943 -0.312521 204.798)
7.2996e-05    (0.637691 -0.459339 205.469)
7.39797e-05   (0.606802 -0.595983 206.033)
7.4963e-05    (0.544109 -0.729009 206.476)
7.59461e-05   (0.479731 -0.851593 206.809)
7.69288e-05   (0.433881 -0.948161 207.055)
7.79114e-05   (0.422044 -0.99725 207.247)
7.88938e-05   (0.445862 -0.985257 207.394)
7.98758e-05   (0.499619 -0.906663 207.557)
8.08575e-05   (0.568852 -0.79335 207.721)
8.18387e-05   (0.634311 -0.678941 207.914)
8.28196e-05   (0.675831 -0.611457 208.15)
8.38001e-05   (0.673077 -0.634336 208.444)
8.47802e-05   (0.613384 -0.771496 208.809)
8.576e-05     (0.496488 -1.01836 209.253)
8.67395e-05   (0.332872 -1.34217 209.77)
8.77185e-05   (0.141954 -1.68939 210.342)
8.86972e-05   (-0.0558778 -1.99839 210.939)
8.96754e-05   (-0.241916 -2.21594 211.499)
9.06533e-05   (-0.41891 -2.28855 212.04)
9.16309e-05   (-0.571283 -2.22766 212.371)
9.26082e-05   (-0.703445 -2.02407 212.583)
9.35851e-05   (-0.83259 -1.68644 212.658)
9.45617e-05   (-0.955795 -1.25428 212.609)
9.55379e-05   (-1.07076 -0.770432 212.486)
9.65139e-05   (-1.1745 -0.280822 212.351)
9.74896e-05   (-1.26612 0.167594 212.228)
9.84652e-05   (-1.33754 0.535885 212.22)
9.94406e-05   (-1.40791 0.798616 212.308)
0.000100416   (-1.47744 0.932196 212.506)
0.000101391   (-1.54555 0.939364 212.799)
0.000102367   (-1.60313 0.808824 213.138)
0.000103342   (-1.63407 0.547595 213.485)
0.000104317   (-1.62197 0.182929 213.75)
0.000105292   (-1.55711 -0.237552 213.908)
0.000106267   (-1.43845 -0.646902 213.962)
0.000107241   (-1.27091 -1.00263 213.884)
0.000108216   (-1.06683 -1.25331 213.686)
0.00010919    (-0.826093 -1.3721 213.372)
0.000110165   (-0.553658 -1.36102 212.954)
0.000111139   (-0.249713 -1.25543 212.448)
0.000112113   (0.0841264 -1.09963 211.853)
0.000113087   (0.456699 -0.961734 211.189)
0.000114059   (0.858592 -0.914653 210.494)
0.000115027   (1.25697 -1.00128 209.807)
0.000115991   (1.6203 -1.22506 209.16)
0.000116952   (1.90254 -1.5648 208.646)
0.000117911   (2.06107 -1.9755 208.286)
0.000118868   (2.07015 -2.40248 208.125)
0.000119822   (1.93116 -2.80276 208.15)
0.000120776   (1.66567 -3.13835 208.306)
0.000121728   (1.29923 -3.37684 208.51)
0.00012268    (0.852428 -3.49268 208.722)
0.000123632   (0.342845 -3.48043 208.832)
0.000124584   (-0.206951 -3.37123 208.867)
0.000125536   (-0.757739 -3.18236 208.866)
0.00012649    (-1.27824 -2.95427 208.86)
0.000127445   (-1.74087 -2.71399 208.892)
0.000128401   (-2.12901 -2.47966 208.992)
0.000129355   (-2.42601 -2.26027 209.147)
0.000130308   (-2.63997 -2.05501 209.407)
0.000131261   (-2.76381 -1.87323 209.7)
0.000132213   (-2.78833 -1.69746 210.025)
0.000133165   (-2.71591 -1.52059 210.369)
0.000134117   (-2.56123 -1.3363 210.734)
0.000135067   (-2.35195 -1.1383 211.134)
0.000136016   (-2.12467 -0.931621 211.593)
0.000136964   (-1.91517 -0.720115 212.108)
0.000137911   (-1.74523 -0.519239 212.655)
0.000138857   (-1.62337 -0.344811 213.222)
0.000139802   (-1.53309 -0.216847 213.749)
0.000140748   (-1.45548 -0.142207 214.193)
0.000141694   (-1.37096 -0.123549 214.53)
0.00014264    (-1.26737 -0.157153 214.74)
0.000143587   (-1.14049 -0.235777 214.835)
0.000144535   (-0.993691 -0.348591 214.835)
0.000145484   (-0.835205 -0.485077 214.761)
0.000146435   (-0.677539 -0.634822 214.635)
0.000147387   (-0.53388 -0.788585 214.473)
0.000148341   (-0.418046 -0.936798 214.286)
0.000149297   (-0.341532 -1.06429 214.083)
0.000150253   (-0.310047 -1.15139 213.869)
0.000151208   (-0.315081 -1.17007 213.633)
0.000152162   (-0.340212 -1.0956 213.349)
0.000153117   (-0.362738 -0.909068 212.987)
0.000154073   (-0.360452 -0.594467 212.518)
0.000155031   (-0.321456 -0.150521 211.925)
0.00015599    (-0.25288 0.409104 211.222)
0.000156948   (-0.176564 1.05318 210.451)
0.000157905   (-0.125711 1.74639 209.654)
0.000158862   (-0.145153 2.44695 208.902)
0.000159818   (-0.268519 3.10876 208.221)
0.000160773   (-0.512648 3.68409 207.63)
0.000161728   (-0.87437 4.11111 207.085)
0.000162682   (-1.34078 4.32201 206.57)
0.000163635   (-1.90132 4.26378 206.085)
0.000164587   (-2.53833 3.93416 205.672)
0.000165539   (-3.24258 3.37859 205.382)
0.00016649    (-3.97438 2.70129 205.275)
0.000167441   (-4.65968 2.01212 205.398)
0.000168392   (-5.20449 1.3945 205.702)
0.000169343   (-5.50868 0.896422 206.12)
0.000170295   (-5.48776 0.581777 206.579)
0.000171247   (-5.10872 0.457457 207.018)
0.000172199   (-4.4022 0.481728 207.389)
0.000173152   (-3.45938 0.561902 207.672)
0.000174105   (-2.40839 0.579073 207.864)
0.000175058   (-1.37654 0.462383 207.975)
0.000176011   (-0.462452 0.170839 208.01)
0.000176965   (0.274723 -0.255477 208.008)
0.000177919   (0.809392 -0.719451 207.992)
0.000178873   (1.14418 -1.15326 207.975)
0.000179824   (1.31004 -1.49671 207.996)
0.000180771   (1.35374 -1.72922 208.083)
0.000181711   (1.33883 -1.91489 208.268)
0.000182647   (1.25218 -2.09106 208.46)
0.000183578   (1.14179 -2.28967 208.707)
0.000184505   (1.0011 -2.53927 208.98)
0.000185429   (0.822509 -2.86307 209.252)
0.000186351   (0.612082 -3.22042 209.52)
0.000187271   (0.37341 -3.58534 209.786)
0.000188191   (0.113001 -3.91754 210.05)
0.000189112   (-0.158837 -4.17997 210.307)
0.000190035   (-0.431313 -4.3549 210.558)
0.00019096    (-0.69455 -4.44303 210.803)
0.000191889   (-0.936417 -4.457 211.042)
0.000192817   (-1.14933 -4.41261 211.274)
0.000193742   (-1.3331 -4.32761 211.515)
0.000194665   (-1.49011 -4.21932 211.781)
0.000195585   (-1.6211 -4.1001 212.089)
0.000196503   (-1.72551 -3.97678 212.454)
0.000197419   (-1.80422 -3.85008 212.882)
0.000198334   (-1.85274 -3.72166 213.366)
0.000199247   (-1.85988 -3.59924 213.89)
0.00020016    (-1.80694 -3.49573 214.424)
0.000201073   (-1.67051 -3.42246 214.934)
0.000201986   (-1.42916 -3.39526 215.384)
0.0002029     (-1.07545 -3.42233 215.735)
0.000203815   (-0.63602 -3.5072 215.958)
0.000204732   (-0.160299 -3.64877 216.029)
0.000205651   (0.263049 -3.82007 215.934)
0.000206572   (0.548054 -3.97111 215.658)
0.000207496   (0.620854 -4.03259 215.175)
0.000208422   (0.435103 -3.92671 214.469)
0.000209352   (-0.00527757 -3.58897 213.564)
0.000210286   (-0.676655 -2.99983 212.552)
0.000211223   (-1.50682 -2.20671 211.607)
0.000212159   (-2.38443 -1.29818 210.862)
0.000213095   (-3.20459 -0.35061 210.528)
0.000214029   (-3.91478 0.54815 210.663)
0.000214964   (-4.42496 1.2915 211.066)
0.000215895   (-4.62605 1.75485 211.631)
0.000216823   (-4.42979 1.86987 212.189)
0.000217748   (-3.81971 1.67469 212.6)
0.00021867    (-2.85211 1.30526 212.862)
0.000219591   (-1.67139 0.927115 213.081)
0.00022051    (-0.47343 0.646086 213.398)
0.000221428   (0.582609 0.507978 213.937)
0.000222346   (1.40938 0.516883 214.717)
0.000223266   (1.99572 0.691779 215.686)
0.000224186   (2.36091 1.08411 216.738)
0.000225109   (2.51441 1.74752 217.759)
0.000226035   (2.4469 2.69558 218.609)
0.000226964   (2.15246 3.90165 219.157)
0.000227894   (1.67335 5.23055 219.328)
0.000228823   (1.07615 6.48112 218.992)
0.000229752   (0.502944 7.42815 218.113)
0.000230681   (0.120292 7.87358 216.681)
0.000231611   (0.0657175 7.71545 214.757)
0.000232541   (0.440294 6.98434 212.502)
0.000233472   (1.27549 5.72522 210.034)
0.000234403   (2.52063 4.09762 207.483)
0.000235336   (4.04237 2.26787 205.007)
0.00023627    (5.62002 0.3752 202.652)
0.000237204   (7.04865 -1.41896 200.604)
0.00023814    (8.05394 -2.93535 198.84)
0.000239077   (8.43277 -4.05642 197.346)
0.000240015   (8.04869 -4.76115 196.141)
0.000240953   (6.91949 -5.16482 195.196)
0.000241893   (5.23789 -5.44283 194.503)
0.000242833   (3.18234 -5.77469 194.058)
0.000243773   (1.05276 -6.27323 193.865)
0.000244715   (-0.898403 -6.93721 193.929)
0.000245657   (-2.48184 -7.67296 194.215)
0.0002466     (-3.59564 -8.34512 194.668)
0.000247544   (-4.23878 -8.86691 195.172)
0.000248488   (-4.48236 -9.23799 195.628)
0.000249433   (-4.43182 -9.47833 195.997)
0.000250379   (-4.18112 -9.60453 196.238)
0.000251325   (-3.80129 -9.61982 196.359)
0.000252272   (-3.34738 -9.53059 196.441)
0.00025322    (-2.87019 -9.35285 196.553)
0.000254168   (-2.43583 -9.08119 196.9)
0.000255117   (-2.10822 -8.67123 197.507)
0.000256066   (-1.91254 -8.04313 198.403)
0.000257016   (-1.82401 -7.17477 199.591)
0.000257967   (-1.76355 -6.12429 201.036)
0.000258919   (-1.6961 -5.039 202.708)
0.000259871   (-1.57035 -4.12394 204.557)
0.000260825   (-1.37726 -3.57204 206.515)
0.000261778   (-1.07865 -3.46659 208.486)
0.000262733   (-0.67449 -3.74812 210.312)
0.000263688   (-0.165661 -4.19624 211.944)
0.000264644   (0.402749 -4.65724 213.124)
0.000265601   (0.951472 -4.91239 213.968)
0.000266558   (1.41017 -4.88921 214.454)
0.000267516   (1.74719 -4.58637 214.591)
0.000268474   (1.98749 -4.03592 214.387)
0.000269433   (2.15207 -3.28882 213.85)
0.000270393   (2.27452 -2.40207 213)
0.000271353   (2.37519 -1.42865 211.888)
0.000272313   (2.45437 -0.422907 210.6)
0.000273272   (2.49452 0.558576 209.241)
0.000274231   (2.4725 1.4654 207.911)
0.000275188   (2.38367 2.2595 206.715)
0.000276145   (2.23923 2.91841 205.717)
0.000277102   (2.05253 3.42805 204.96)
0.000278058   (1.83141 3.7742 204.46)
0.000279014   (1.57693 3.94837 204.209)
0.000279969   (1.28153 3.96359 204.159)
0.000280923   (0.930285 3.86283 204.234)
0.000281877   (0.511642 3.71574 204.328)
0.000282831   (0.0353427 3.60121 204.347)
0.000283785   (-0.456285 3.57965 204.234)
0.000284739   (-0.88666 3.66826 203.993)
0.000285693   (-1.18478 3.84678 203.66)
0.000286646   (-1.2987 4.06031 203.313)
0.0002876     (-1.2247 4.30759 203.076)
0.000288554   (-0.969502 4.55695 202.896)
0.000289508   (-0.628769 4.83748 202.79)
0.000290463   (-0.24233 5.15908 202.7)
0.000291418   (0.13037 5.488 202.551)
0.000292374   (0.492123 5.74082 202.266)
0.000293331   (0.810361 5.8241 201.789)
0.000294288   (1.09919 5.674 201.123)
0.000295245   (1.34064 5.3052 200.349)
0.000296202   (1.48347 4.74552 199.422)
0.000297161   (1.44061 4.07116 198.553)
0.000298119   (1.19693 3.32765 197.726)
0.000299078   (0.756593 2.52168 196.944)
0.000300037   (0.160963 1.6188 196.168)
0.000300997   (-0.514404 0.539337 195.326)
0.000301958   (-1.21349 -0.783108 194.348)
0.000302919   (-1.8917 -2.33527 193.199)
0.000303882   (-2.50641 -4.0138 191.904)
0.000304845   (-3.03438 -5.66725 190.565)
0.00030581    (-3.43435 -7.17337 189.312)
0.000306774   (-3.67805 -8.41032 188.236)
0.000307738   (-3.75076 -9.33057 187.402)
0.000308705   (-3.66057 -9.94027 186.783)
0.000309674   (-3.44817 -10.2144 186.357)
0.000310643   (-3.19913 -10.1728 186.085)
0.000311609   (-3.02621 -9.84625 185.911)
0.000312572   (-3.04208 -9.29245 185.776)
0.000313531   (-3.31912 -8.58412 185.635)
0.000314487   (-3.87393 -7.79733 185.474)
0.000315441   (-4.66289 -7.00267 185.305)
0.000316392   (-5.59099 -6.26179 185.154)
0.000317341   (-6.56312 -5.61927 185.035)
0.000318288   (-7.51686 -5.09011 184.935)
0.000319232   (-8.42817 -4.64778 184.82)
0.000320173   (-9.29818 -4.23026 184.657)
0.000321113   (-10.1324 -3.77577 184.433)
0.000322051   (-10.934 -3.24246 184.153)
0.000322987   (-11.7034 -2.63545 183.824)
0.000323922   (-12.4293 -2.00979 183.445)
0.000324855   (-13.0779 -1.44739 183.007)
0.000325788   (-13.5738 -1.02608 182.484)
0.00032672    (-13.8538 -0.791158 181.864)
0.000327651   (-13.8508 -0.732176 181.138)
0.000328582   (-13.5171 -0.806548 180.329)
0.000329513   (-12.8542 -0.963158 179.466)
0.000330445   (-11.91 -1.19343 178.562)
0.000331377   (-10.7402 -1.5378 177.671)
0.000332311   (-9.37641 -2.04445 176.891)
0.000333246   (-7.79223 -2.72243 176.311)
0.000334181   (-5.914 -3.5977 176.151)
0.000335116   (-3.74184 -4.5969 176.732)
0.00033605    (-1.51611 -5.48709 178.452)
0.000336983   (0.23925 -5.82257 181.619)
0.000337915   (1.0155 -5.27761 186.138)
0.000338847   (0.860202 -3.91518 191.418)
0.000339779   (0.464644 -2.40214 196.52)
0.000340712   (0.28416 -1.3056 201.108)
0.000341646   (0.457663 -0.682988 203.99)
0.000342582   (0.732772 -0.548058 205.662)
0.000343521   (0.819951 -0.598636 206.52)
0.000344463   (0.51992 -0.679118 206.834)
0.000345407   (-0.172019 -0.769487 206.93)
0.000346351   (-1.29808 -0.876848 206.99)
0.000347295   (-2.73653 -1.05647 207.343)
0.000348239   (-4.25826 -1.25602 207.981)
0.000349183   (-5.54318 -1.36351 208.922)
0.000350128   (-6.28984 -1.22829 210.073)
0.000351074   (-6.23497 -0.720685 211.204)
0.000352021   (-5.39388 0.139745 212.159)
0.000352969   (-4.03553 1.21792 212.652)
0.000353919   (-2.72011 2.28644 212.808)
0.000354868   (-1.61648 3.16238 212.793)
0.000355818   (-0.939912 3.79995 212.571)
0.000356768   (-0.61504 4.21204 212.123)
0.000357718   (-0.432639 4.43705 211.409)
0.000358668   (-0.204272 4.51569 210.425)
0.000359618   (0.187769 4.46165 209.208)
0.000360568   (0.766227 4.26286 207.816)
0.000361518   (1.50451 3.88654 206.313)
0.000362467   (2.33418 3.29486 204.763)
0.000363417   (3.15377 2.47352 203.198)
0.000364366   (3.84757 1.45277 201.635)
0.000365315   (4.30551 0.303267 200.127)
0.000366264   (4.45129 -0.863775 198.756)
0.000367212   (4.25922 -1.86891 197.629)
0.00036816    (3.78601 -2.56244 196.879)
0.000369106   (3.08441 -2.80937 196.577)
0.000370051   (2.3057 -2.61057 196.909)
0.000370995   (1.61072 -2.03613 197.888)
0.000371939   (1.14281 -1.32989 199.479)
0.000372881   (0.958716 -0.777036 201.629)
0.000373823   (0.964072 -0.578591 204.158)
0.000374764   (1.01923 -0.787498 206.792)
0.000375704   (0.975038 -1.22279 209.253)
0.000376643   (0.762212 -1.7343 211.394)
0.000377581   (0.422704 -2.18561 212.912)
0.000378519   (0.054782 -2.5384 213.884)
0.000379456   (-0.243544 -2.84375 214.349)
0.000380393   (-0.409408 -3.17394 214.401)
0.000381329   (-0.402547 -3.56695 214.165)
0.000382264   (-0.231562 -4.0281 213.761)
0.0003832     (0.062205 -4.52109 213.33)
0.000384133   (0.408509 -4.97273 212.926)
0.000385063   (0.750675 -5.32122 212.577)
0.000385991   (1.03078 -5.52531 212.276)
0.000386917   (1.21798 -5.56603 211.972)
0.000387842   (1.30734 -5.44749 211.611)
0.000388768   (1.31386 -5.17281 211.178)
0.000389694   (1.26401 -4.78542 210.635)
0.000390622   (1.20015 -4.31239 210.053)
0.000391551   (1.16169 -3.82325 209.491)
0.000392485   (1.18286 -3.38183 209.003)
0.000393422   (1.29909 -3.04265 208.62)
0.000394359   (1.52224 -2.83164 208.338)
0.000395296   (1.86231 -2.74355 208.114)
0.000396234   (2.31516 -2.75404 207.874)
0.000397172   (2.87218 -2.83415 207.534)
0.00039811    (3.5253 -2.96016 207.026)
0.00039905    (4.28448 -3.1182 206.306)
0.000399989   (5.14419 -3.3005 205.373)
0.00040093    (6.08695 -3.50097 204.27)
0.000401871   (7.08962 -3.71606 203.074)
0.000402812   (8.1099 -3.93844 201.879)
0.000403754   (9.08079 -4.15953 200.74)
0.000404697   (9.96948 -4.36694 199.762)
0.000405641   (10.739 -4.54184 198.934)
0.000406585   (11.377 -4.65853 198.252)
0.000407531   (11.9015 -4.67733 197.688)
0.000408477   (12.3534 -4.56674 197.182)
0.000409425   (12.7978 -4.29899 196.652)
0.000410374   (13.2971 -3.85377 196.034)
0.000411323   (13.8698 -3.21999 195.268)
0.000412274   (14.5068 -2.39647 194.34)
0.000413226   (15.1123 -1.39792 193.296)
0.000414178   (15.5004 -0.274654 192.243)
0.000415131   (15.4574 0.85394 191.307)
0.000416085   (14.8788 1.84104 190.615)
0.000417042   (13.7466 2.54807 190.233)
0.000418008   (12.1062 2.89317 190.183)
0.000418975   (10.082 2.88241 190.458)
0.000419943   (7.7629 2.61023 191.012)
0.000420909   (5.30626 2.24154 191.965)
0.000421873   (2.9466 1.92157 193.313)
0.000422833   (1.07021 1.65649 195.182)
0.000423792   (0.0779012 1.33567 197.586)
0.000424748   (0.117509 0.771682 200.398)
0.000425701   (0.872889 -0.111368 203.401)
0.000426653   (1.91251 -1.1522 206.313)
0.000427604   (2.83838 -2.04182 208.962)
0.000428553   (3.47279 -2.61688 211.237)
0.000429501   (3.78163 -2.77112 213.02)
0.000430447   (3.768 -2.59609 214.383)
0.000431393   (3.43368 -2.20878 215.327)
0.000432338   (2.78934 -1.73554 215.913)
0.000433283   (1.88991 -1.24357 216.197)
0.000434228   (0.815478 -0.752378 216.256)
0.000435173   (-0.23579 -0.267204 216.118)
0.00043612    (-1.12904 0.197668 215.782)
0.000437067   (-1.72828 0.586211 215.297)
0.000438014   (-1.94493 0.8324 214.716)
0.000438964   (-1.77054 0.900633 214.104)
0.000439914   (-1.27557 0.810228 213.571)
0.000440864   (-0.599672 0.622788 213.202)
0.000441814   (0.130016 0.400936 213.074)
0.000442764   (0.790875 0.199493 213.197)
0.000443713   (1.27562 0.0495089 213.471)
0.000444662   (1.50112 -0.0407609 213.795)
0.000445611   (1.44059 -0.0561526 214.065)
0.000446559   (1.106 0.0110497 214.214)
0.000447503   (0.570423 0.166074 214.231)
0.000448445   (-0.0728459 0.412892 214.138)
0.000449383   (-0.747007 0.758185 213.978)
0.000450319   (-1.4249 1.20065 213.821)
0.000451252   (-2.09401 1.69593 213.703)
0.000452183   (-2.74169 2.18633 213.604)
0.000453113   (-3.36252 2.61669 213.552)
0.000454043   (-3.92608 2.94643 213.539)
0.000454971   (-4.37876 3.16001 213.53)
0.0004559     (-4.66451 3.26621 213.482)
0.000456828   (-4.75029 3.28812 213.363)
0.000457757   (-4.62383 3.26531 213.167)
0.000458687   (-4.33575 3.21701 212.927)
0.000459618   (-3.9411 3.18151 212.657)
0.00046055    (-3.49674 3.16671 212.425)
0.000461484   (-3.0487 3.17382 212.248)
0.000462419   (-2.63588 3.19156 212.108)
0.000463357   (-2.28002 3.203 211.978)
0.000464297   (-1.98706 3.18587 211.82)
0.000465239   (-1.75263 3.13618 211.598)
0.000466184   (-1.57648 3.0484 211.279)
0.000467131   (-1.45721 2.92863 210.848)
0.000468077   (-1.39499 2.76635 210.315)
0.000469021   (-1.40014 2.55284 209.706)
0.000469963   (-1.47281 2.29365 209.049)
0.000470905   (-1.61582 1.9959 208.38)
0.000471844   (-1.82719 1.67115 207.737)
0.000472781   (-2.11336 1.33126 207.152)
0.000473716   (-2.45521 0.986026 206.656)
0.000474652   (-2.82064 0.64282 206.255)
0.000475587   (-3.15994 0.30645 205.95)
0.000476519   (-3.42216 -0.0192407 205.729)
0.000477452   (-3.57088 -0.332938 205.561)
0.000478384   (-3.58766 -0.636452 205.416)
0.000479316   (-3.4721 -0.937733 205.266)
0.000480248   (-3.23338 -1.25218 205.104)
0.000481179   (-2.88898 -1.60595 204.942)
0.000482111   (-2.46139 -2.03702 204.819)
0.000483043   (-1.98028 -2.59 204.797)
0.000483974   (-1.48668 -3.29922 204.952)
0.000484906   (-1.03667 -4.16309 205.351)
0.000485838   (-0.693908 -5.1128 206.027)
0.000486775   (-0.514665 -5.99713 206.962)
0.000487712   (-0.521417 -6.58531 208.027)
0.00048865    (-0.672027 -6.65026 209.129)
0.000489588   (-0.883442 -6.08264 210.054)
0.000490526   (-1.01745 -4.94536 210.742)
0.000491464   (-0.924534 -3.48445 211.233)
0.000492402   (-0.513093 -1.97904 211.644)
0.00049334    (0.175171 -0.567218 212.101)
0.000494278   (0.985758 0.784828 212.661)
0.000495216   (1.66688 2.12726 213.279)
0.000496154   (2.01612 3.39368 213.869)
0.000497092   (1.91327 4.35977 214.378)
0.00049803    (1.36937 4.80101 214.725)
0.000498968   (0.509831 4.58463 214.871)
0.000499906   (-0.49085 3.78397 214.85)
0.00050086    (-1.49016 2.61784 214.8)
0.000501817   (-2.37236 1.40166 214.874)
0.000502773   (-3.09008 0.365014 215.149)
0.000503731   (-3.63555 -0.412845 215.609)
0.000504689   (-4.03022 -0.919085 216.131)
0.000505647   (-4.30156 -1.18314 216.621)
0.000506606   (-4.48196 -1.23727 217.024)
0.000507565   (-4.60514 -1.11913 217.272)
0.000508524   (-4.69935 -0.865657 217.343)
0.000509485   (-4.7692 -0.51507 217.231)
0.000510446   (-4.80628 -0.119623 216.954)
0.000511409   (-4.78645 0.299542 216.544)
0.000512371   (-4.67787 0.722236 216.054)
0.000513333   (-4.45347 1.15088 215.536)
0.000514295   (-4.09453 1.60407 215.029)
0.000515257   (-3.59163 2.08994 214.558)
0.00051622    (-2.95152 2.59302 214.149)
0.000517185   (-2.20416 3.08299 213.827)
0.00051815    (-1.40013 3.52846 213.621)
0.000519116   (-0.605953 3.89827 213.554)
0.000520082   (0.108191 4.17151 213.624)
0.000521047   (0.70309 4.34158 213.805)
0.000522012   (1.13999 4.41839 214.097)
0.000522978   (1.40382 4.4131 214.444)
0.000523943   (1.50344 4.33907 214.814)
0.000524906   (1.43975 4.20887 215.185)
0.000525865   (1.23867 4.03806 215.527)
0.000526819   (0.933371 3.83525 215.823)
0.000527768   (0.562957 3.61325 216.063)
0.000528715   (0.172188 3.38337 216.234)
0.000529659   (-0.192247 3.15734 216.332)
0.000530602   (-0.48742 2.94792 216.365)
0.000531544   (-0.679707 2.76253 216.351)
0.000532486   (-0.753402 2.61042 216.312)
0.000533429   (-0.712281 2.46855 216.263)
0.000534374   (-0.572723 2.31173 216.194)
0.00053532    (-0.365688 2.11812 216.076)
0.000536269   (-0.134718 1.87361 215.881)
0.000537221   (0.0672215 1.56759 215.593)
0.00053817    (0.199793 1.18425 215.231)
0.000539116   (0.239499 0.702967 214.806)
0.000540058   (0.184592 0.080681 214.388)
0.000540998   (0.0509541 -0.706165 213.985)
0.000541935   (-0.139676 -1.61867 213.635)
0.000542871   (-0.381536 -2.62885 213.439)
0.000543806   (-0.675846 -3.66173 213.379)
0.00054474    (-1.04272 -4.61987 213.464)
0.000545674   (-1.48538 -5.40088 213.657)
0.000546608   (-1.97978 -5.88678 213.827)
0.000547541   (-2.46257 -5.97503 213.87)
0.000548471   (-2.85329 -5.59435 213.571)
0.000549399   (-3.05648 -4.75412 212.994)
0.000550324   (-2.98423 -3.56576 212.181)
0.000551249   (-2.60384 -2.09231 211.252)
0.000552172   (-1.93991 -0.531802 210.327)
0.000553095   (-1.10341 0.883059 209.523)
0.000554019   (-0.228472 1.99171 208.892)
0.000554945   (0.5565 2.68341 208.542)
0.000555872   (1.11388 2.94125 208.574)
0.000556802   (1.36929 2.82916 208.878)
0.000557734   (1.36019 2.36694 209.487)
0.000558669   (1.14083 1.69504 210.346)
0.000559605   (0.816461 0.966881 211.357)
0.00056054    (0.488558 0.321872 212.407)
0.000561476   (0.218847 -0.147183 213.388)
0.000562412   (0.0275692 -0.400218 214.228)
0.00056335    (-0.10191 -0.46236 214.875)
0.000564289   (-0.199234 -0.382559 215.323)
0.00056523    (-0.299938 -0.219965 215.593)
0.000566174   (-0.437946 -0.0245915 215.755)
0.00056712    (-0.639451 0.16263 215.75)
0.000568069   (-0.913005 0.347273 215.649)
0.000569021   (-1.2477 0.529846 215.462)
0.000569977   (-1.62041 0.724076 215.191)
0.000570935   (-2.00463 0.949017 214.866)
0.000571896   (-2.35962 1.2123 214.521)
0.000572857   (-2.68109 1.50773 214.202)
0.000573819   (-2.94553 1.84388 213.964)
0.000574782   (-3.14773 2.19922 213.823)
0.000575748   (-3.28924 2.53436 213.791)
0.000576713   (-3.37062 2.79349 213.835)
0.00057768    (-3.38689 2.91338 213.883)
0.000578646   (-3.3335 2.83962 213.845)
0.000579613   (-3.22271 2.55052 213.641)
0.000580579   (-3.08367 2.05851 213.223)
0.000581546   (-2.94364 1.43913 212.61)
0.000582513   (-2.82887 0.738789 211.839)
0.00058348    (-2.74999 0.0389833 210.984)
0.000584448   (-2.69588 -0.586145 210.125)
0.000585416   (-2.64084 -1.10698 209.343)
0.000586384   (-2.55731 -1.52579 208.668)
0.000587353   (-2.45346 -1.85066 208.114)
0.000588322   (-2.31332 -2.09919 207.675)
0.00058929    (-2.12445 -2.27476 207.308)
0.000590258   (-1.87848 -2.37554 207.02)
0.000591226   (-1.57406 -2.39046 206.762)
0.000592193   (-1.21466 -2.30005 206.527)
0.000593159   (-0.810268 -2.09294 206.341)
0.000594123   (-0.387561 -1.78435 206.209)
0.000595086   (0.0337547 -1.39726 206.126)
0.000596049   (0.427725 -0.967479 206.087)
0.00059701    (0.779463 -0.531368 206.083)
0.000597972   (1.08225 -0.119788 206.115)
0.000598933   (1.33998 0.248818 206.179)
0.000599895   (1.56335 0.565167 206.265)
0.00060086    (1.76311 0.824142 206.386)
0.000601826   (1.94946 1.02862 206.518)
0.000602792   (2.13165 1.18467 206.691)
0.000603758   (2.31687 1.30445 206.909)
0.000604724   (2.50789 1.40426 207.169)
0.00060569    (2.69628 1.50162 207.46)
0.000606656   (2.86162 1.60464 207.76)
0.000607619   (2.9732 1.72885 208.033)
0.000608579   (2.99644 1.86944 208.232)
0.000609535   (2.89834 2.01996 208.318)
0.000610488   (2.65496 2.16818 208.259)
0.000611439   (2.25808 2.29998 208.046)
0.000612388   (1.72347 2.40428 207.696)
0.000613335   (1.09425 2.47345 207.247)
0.000614281   (0.430072 2.50301 206.758)
0.000615226   (-0.206599 2.48921 206.29)
0.00061617    (-0.76791 2.42779 205.903)
0.000617114   (-1.23045 2.3076 205.638)
0.000618058   (-1.59136 2.10475 205.515)
0.000619002   (-1.85291 1.78717 205.53)
0.000619947   (-2.0055 1.31816 205.65)
0.000620893   (-2.03123 0.664943 205.825)
0.000621841   (-1.89925 -0.178438 206.008)
0.00062279    (-1.58143 -1.18378 206.119)
0.000623742   (-1.06113 -2.25947 206.142)
0.000624696   (-0.340361 -3.29101 206.105)
0.000625652   (0.527855 -4.1505 206.086)
0.000626609   (1.46112 -4.72126 206.16)
0.000627565   (2.32171 -4.92629 206.412)
0.000628521   (2.95789 -4.78825 206.835)
0.000629477   (3.24342 -4.43691 207.32)
0.000630434   (3.10968 -4.07285 207.759)
0.000631392   (2.61525 -3.90976 208.015)
0.00063235    (1.88223 -3.96701 208.01)
0.00063331    (1.039 -4.22364 207.844)
0.000634269   (0.140977 -4.59695 207.509)
0.000635227   (-0.775955 -4.95155 207.023)
0.000636183   (-1.71313 -5.1955 206.403)
0.000637138   (-2.68609 -5.28099 205.653)
0.000638092   (-3.70572 -5.18455 204.775)
0.000639045   (-4.76489 -4.91391 203.774)
0.000639998   (-5.84076 -4.49051 202.661)
0.00064095    (-6.89294 -3.95143 201.47)
0.000641902   (-7.85326 -3.33373 200.252)
0.000642853   (-8.6217 -2.65762 199.067)
0.000643803   (-9.12613 -1.91862 198.029)
0.000644753   (-9.27524 -1.0913 197.197)
0.000645703   (-9.02561 -0.14872 196.648)
0.000646653   (-8.39456 0.904214 196.433)
0.000647602   (-7.474 2.0081 196.578)
0.000648553   (-6.38693 3.12775 197.096)
0.000649503   (-5.28599 4.17344 197.961)
0.000650454   (-4.30651 5.05258 199.097)
0.000651406   (-3.52604 5.68333 200.373)
0.000652358   (-2.927 6.03932 201.63)
0.000653312   (-2.40723 6.16587 202.753)
0.000654267   (-1.85351 6.17998 203.569)
0.000655223   (-1.21986 6.20529 204.166)
0.00065618    (-0.555517 6.28708 204.622)
0.000657138   (0.0320914 6.41193 205.055)
0.000658099   (0.457822 6.47807 205.537)
0.000659059   (0.701435 6.36672 206.078)
0.000660018   (0.815531 6.00568 206.637)
0.000660978   (0.880809 5.40248 207.182)
0.000661937   (0.951331 4.64672 207.65)
0.000662895   (1.02874 3.83816 208.038)
0.000663854   (1.07183 3.03877 208.298)
0.000664813   (1.02629 2.27008 208.394)
0.000665772   (0.849334 1.52402 208.315)
0.00066673    (0.521646 0.802806 208.08)
0.000667688   (0.0553657 0.132364 207.765)
0.000668646   (-0.515641 -0.447017 207.455)
0.000669604   (-1.14016 -0.901377 207.269)
0.000670562   (-1.76574 -1.21569 207.3)
0.000671521   (-2.35411 -1.3747 207.609)
0.00067248    (-2.8918 -1.38906 208.215)
0.000673438   (-3.38977 -1.29459 209.11)
0.000674396   (-3.87453 -1.13489 210.267)
0.000675354   (-4.36415 -0.964353 211.63)
0.000676311   (-4.84294 -0.836176 213.092)
0.000677268   (-5.24563 -0.801132 214.507)
0.000678225   (-5.49414 -0.895835 215.727)
0.000679182   (-5.50384 -1.13361 216.618)
0.000680138   (-5.22113 -1.49874 217.114)
0.000681094   (-4.65021 -1.94312 217.253)
0.000682049   (-3.86318 -2.41545 217.142)
0.000683003   (-2.9959 -2.86927 216.929)
0.000683955   (-2.18487 -3.27147 216.727)
0.000684906   (-1.50392 -3.61757 216.601)
0.000685855   (-0.987714 -3.89565 216.559)
0.000686802   (-0.642399 -4.07595 216.601)
0.000687749   (-0.437604 -4.12456 216.742)
0.000688694   (-0.340131 -4.00394 217.006)
0.000689638   (-0.31951 -3.69726 217.423)
0.00069058    (-0.340165 -3.20929 217.997)
0.000691522   (-0.378274 -2.55852 218.676)
0.000692463   (-0.39113 -1.77185 219.372)
0.000693405   (-0.330363 -0.89377 219.991)
0.000694347   (-0.164143 -0.00435921 220.44)
0.000695287   (0.0738069 0.813443 220.672)
0.000696227   (0.270533 1.49382 220.696)
0.000697165   (0.316203 2.01648 220.525)
0.000698103   (0.0928765 2.3999 220.179)
0.000699039   (-0.450208 2.66412 219.671)
0.000699974   (-1.29415 2.83081 219.011)
0.000700907   (-2.35231 2.91393 218.216)
0.000701837   (-3.51243 2.87357 217.339)
0.000702763   (-4.70056 2.70595 216.433)
0.000703686   (-5.7952 2.44998 215.534)
0.000704608   (-6.71893 2.1595 214.648)
0.000705529   (-7.42887 1.90094 213.735)
0.00070645    (-7.8889 1.71532 212.74)
0.000707372   (-8.08681 1.60706 211.627)
0.000708295   (-8.00756 1.54986 210.411)
0.000709221   (-7.67486 1.49524 209.144)
0.000710149   (-7.15417 1.38652 207.922)
0.000711082   (-6.55139 1.16282 206.829)
0.000712018   (-5.97806 0.780708 205.903)
0.000712959   (-5.49008 0.213779 205.136)
0.000713901   (-5.08682 -0.557018 204.477)
0.000714847   (-4.7254 -1.54015 203.852)
0.000715795   (-4.36712 -2.73297 203.191)
0.000716746   (-4.00706 -4.07862 202.419)
0.000717699   (-3.61722 -5.44817 201.494)
0.000718652   (-3.17093 -6.63522 200.373)
0.000719604   (-2.63992 -7.37629 199.198)
0.000720555   (-1.98579 -7.49721 198.041)
0.000721502   (-1.18894 -6.92195 197.116)
0.000722445   (-0.265118 -5.83042 196.595)
0.000723386   (0.711077 -4.55488 196.691)
0.000724324   (1.66593 -3.42389 197.488)
0.000725259   (2.51587 -2.61468 199)
0.00072619    (3.20887 -2.12198 201.016)
0.00072712    (3.72379 -1.85775 203.347)
0.000728048   (4.05193 -1.78213 205.726)
0.000728976   (4.20357 -1.89383 207.899)
0.000729905   (4.20135 -2.20858 209.689)
0.000730836   (4.07825 -2.69957 211.047)
0.000731769   (3.87616 -3.31935 211.942)
0.000732706   (3.61168 -4.0086 212.405)
0.000733646   (3.29944 -4.71121 212.476)
0.000734591   (2.91261 -5.38453 212.19)
0.000735538   (2.41103 -5.99735 211.609)
0.000736482   (1.75752 -6.53128 210.802)
0.000737425   (0.926576 -6.97084 209.85)
0.000738366   (-0.0736334 -7.2918 208.822)
0.000739307   (-1.20881 -7.47271 207.807)
0.000740248   (-2.43544 -7.49243 206.858)
0.00074119    (-3.71082 -7.36882 206.016)
0.000742133   (-4.97906 -7.1376 205.302)
0.000743077   (-6.18871 -6.79819 204.722)
0.000744025   (-7.26708 -6.3244 204.284)
0.000744972   (-8.15172 -5.68284 203.982)
0.000745919   (-8.79779 -4.84093 203.79)
0.000746866   (-9.15835 -3.78624 203.65)
0.000747813   (-9.20588 -2.57243 203.514)
0.00074876    (-8.92375 -1.30594 203.238)
0.000749709   (-8.33763 -0.212661 202.79)
0.00075066    (-7.54461 0.476988 202.15)
0.000751614   (-6.65513 0.620199 201.324)
0.000752571   (-5.78399 0.219443 200.36)
0.000753533   (-5.00373 -0.604984 199.384)
0.000754499   (-4.26486 -1.6429 198.579)
0.000755467   (-3.43545 -2.75163 198.147)
0.000756437   (-2.44467 -3.74478 198.328)
0.000757406   (-1.25916 -4.51708 198.959)
0.000758375   (0.0898091 -5.0344 199.954)
0.000759344   (1.56924 -5.29876 201.194)
0.000760312   (3.11957 -5.29993 202.597)
0.000761277   (4.57642 -5.03836 204.051)
0.000762241   (5.66818 -4.42796 205.492)
0.000763203   (6.31499 -3.34571 206.243)
0.000764164   (6.3033 -1.83793 206.559)
0.000765125   (5.71768 0.0334844 206.284)
0.000766087   (4.71184 1.96853 205.594)
0.00076705    (3.44217 3.62424 204.687)
0.000768014   (2.06694 4.76567 203.949)
0.000768979   (0.713552 5.34718 203.558)
0.000769941   (-0.471238 5.40825 203.601)
0.000770899   (-1.3564 5.12157 204.151)
0.000771855   (-1.91694 4.7019 205.183)
0.00077281    (-2.19898 4.31982 206.568)
0.000773765   (-2.29384 4.04337 208.078)
0.00077472    (-2.31819 3.83839 209.624)
0.000775678   (-2.27866 3.61419 211.024)
0.000776637   (-2.21281 3.2844 212.135)
0.000777599   (-2.09987 2.78587 212.871)
0.000778564   (-1.91027 2.10468 213.157)
0.00077953    (-1.62804 1.27516 213.016)
0.000780495   (-1.28591 0.365726 212.543)
0.000781457   (-0.945878 -0.529922 211.891)
0.000782416   (-0.694879 -1.31181 211.198)
0.000783374   (-0.607875 -1.89704 210.551)
0.000784329   (-0.706758 -2.24199 209.94)
0.000785283   (-0.962968 -2.35014 209.302)
0.000786235   (-1.32664 -2.25515 208.572)
0.000787186   (-1.74266 -2.03027 207.688)
0.000788136   (-2.16339 -1.76163 206.627)
0.000789085   (-2.54603 -1.51 205.447)
0.000790032   (-2.86558 -1.28515 204.264)
0.00079098    (-3.12575 -1.05425 203.226)
0.000791927   (-3.34264 -0.760716 202.49)
0.000792873   (-3.53356 -0.380423 202.169)
0.000793819   (-3.7009 0.0523464 202.345)
0.000794765   (-3.83755 0.458698 202.985)
0.000795711   (-3.92539 0.781782 203.996)
0.000796657   (-3.96219 1.02645 205.236)
0.000797602   (-3.94415 1.23552 206.537)
0.000798548   (-3.88266 1.45205 207.762)
0.000799494   (-3.79816 1.69339 208.823)
0.000800439   (-3.71139 1.9512 209.683)
0.000801384   (-3.6308 2.20813 210.343)
0.00080233    (-3.55264 2.44894 210.827)
0.000803274   (-3.46172 2.66254 211.179)
0.000804219   (-3.3422 2.84103 211.454)
0.000805163   (-3.18107 2.98381 211.703)
0.000806107   (-2.97553 3.09296 211.971)
0.00080705    (-2.73051 3.17325 212.298)
0.000807992   (-2.44444 3.22549 212.7)
0.000808934   (-2.11165 3.2518 213.184)
0.000809875   (-1.71767 3.25356 213.747)
0.000810816   (-1.24301 3.2339 214.384)
0.000811756   (-0.672752 3.18838 215.07)
0.000812696   (-0.00826476 3.10655 215.766)
0.000813636   (0.733411 2.97651 216.421)
0.000814577   (1.49649 2.79797 216.972)
0.000815519   (2.1822 2.57516 217.374)
0.000816465   (2.68944 2.3178 217.589)
0.000817414   (2.94356 2.03682 217.621)
0.000818362   (2.92321 1.74777 217.459)
0.000819306   (2.66895 1.45114 217.161)
0.000820248   (2.23067 1.12743 216.75)
0.000821186   (1.68563 0.740846 216.238)
0.000822121   (1.09453 0.309264 215.603)
0.000823054   (0.468543 -0.138076 214.843)
0.000823985   (-0.171578 -0.568404 213.907)
0.000824915   (-0.791047 -0.910345 212.794)
0.000825843   (-1.34304 -1.11943 211.528)
0.00082677    (-1.79555 -1.16562 210.143)
0.000827696   (-2.1362 -1.05083 208.674)
0.000828623   (-2.35846 -0.812237 207.182)
0.000829549   (-2.46509 -0.493907 205.718)
0.000830477   (-2.46149 -0.116188 204.342)
0.000831405   (-2.34759 0.312289 203.121)
0.000832332   (-2.13507 0.764571 202.071)
0.000833258   (-1.85011 1.21022 201.223)
0.000834184   (-1.52642 1.61647 200.577)
0.000835107   (-1.2118 1.97703 200.172)
0.000836025   (-0.949111 2.29783 200.016)
0.000836938   (-0.77003 2.59161 200.117)
0.000837848   (-0.69743 2.88059 200.475)
0.000838757   (-0.752409 3.17126 201.068)
0.000839667   (-0.937832 3.47548 201.856)
0.000840578   (-1.24074 3.78398 202.783)
0.000841492   (-1.63635 4.07834 203.787)
0.000842411   (-2.0888 4.33609 204.819)
0.000843335   (-2.56348 4.52984 205.842)
0.000844266   (-3.02454 4.64337 206.835)
0.000845205   (-3.43462 4.67544 207.785)
0.000846149   (-3.75571 4.64062 208.677)
0.000847094   (-3.95365 4.55188 209.494)
0.00084804    (-4.00263 4.42327 210.228)
0.000848986   (-3.8888 4.25939 210.869)
0.000849933   (-3.60748 4.05774 211.416)
0.000850879   (-3.1606 3.81402 211.853)
0.000851827   (-2.55317 3.53018 212.185)
0.000852775   (-1.80724 3.21728 212.399)
0.000853723   (-0.945667 2.89982 212.484)
0.000854673   (-0.0116732 2.60817 212.455)
0.000855624   (0.905084 2.37077 212.301)
0.000856576   (1.68329 2.18616 212.054)
0.00085753    (2.21963 2.05114 211.755)
0.000858486   (2.46408 1.97405 211.449)
0.000859444   (2.42354 1.97102 211.204)
0.000860404   (2.14871 2.06877 211.081)
0.000861366   (1.70262 2.26728 211.108)
0.000862329   (1.15474 2.55341 211.293)
0.000863294   (0.531385 2.885 211.619)
0.00086426    (-0.120436 3.20885 212.048)
0.000865227   (-0.757959 3.46599 212.545)
0.000866194   (-1.34011 3.60094 213.066)
0.000867159   (-1.83934 3.58907 213.573)
0.000868124   (-2.22195 3.41116 214.082)
0.000869088   (-2.45968 3.07262 214.541)
0.000870051   (-2.5238 2.6001 214.994)
0.000871015   (-2.41077 2.05268 215.285)
0.000871979   (-2.12893 1.48871 215.491)
0.000872943   (-1.69613 0.925115 215.587)
0.000873909   (-1.13462 0.401379 215.576)
0.000874877   (-0.516363 -0.0607627 215.474)
0.000875847   (0.087546 -0.466493 215.296)
0.000876818   (0.617436 -0.823834 215.072)
0.000877791   (1.01461 -1.12806 214.814)
0.000878765   (1.23418 -1.36358 214.557)
0.00087974    (1.25581 -1.5056 214.344)
0.000880714   (1.10096 -1.5297 214.204)
0.00088169    (0.823033 -1.42194 214.135)
0.000882666   (0.470185 -1.19127 214.112)
0.000883642   (0.0578142 -0.868117 214.078)
0.000884617   (-0.409454 -0.497805 213.963)
0.000885592   (-0.928584 -0.133197 213.739)
0.000886566   (-1.48746 0.172967 213.42)
0.00088754    (-2.05891 0.368052 213.04)
0.000888514   (-2.59648 0.407283 212.661)
0.00088949    (-3.06177 0.2665 212.314)
0.000890465   (-3.42119 -0.0608461 212.036)
0.000891438   (-3.63605 -0.558603 211.85)
0.000892409   (-3.69833 -1.18563 211.755)
0.000893377   (-3.62055 -1.87532 211.742)
0.000894343   (-3.43447 -2.53792 211.799)
0.000895307   (-3.19322 -3.07238 211.905)
0.000896268   (-2.95026 -3.38611 212.042)
0.000897229   (-2.75832 -3.42542 212.211)
0.000898188   (-2.64792 -3.19039 212.419)
0.000899147   (-2.62245 -2.73802 212.679)
0.000900107   (-2.6693 -2.16381 212.998)
0.000901067   (-2.77603 -1.57689 213.384)
0.000902028   (-2.92864 -1.06254 213.838)
0.000902991   (-3.11734 -0.664853 214.354)
0.000903956   (-3.32492 -0.379352 214.909)
0.000904922   (-3.5216 -0.173166 215.453)
0.000905883   (-3.6985 0.0131623 215.941)
0.000906841   (-3.83564 0.228968 216.283)
0.000907797   (-3.91868 0.520353 216.439)
0.000908751   (-3.93743 0.890929 216.416)
0.000909704   (-3.89604 1.33245 216.222)
0.000910655   (-3.78827 1.82484 215.903)
0.000911601   (-3.63221 2.3355 215.527)
0.000912545   (-3.45224 2.82767 215.175)
0.000913485   (-3.28425 3.2641 214.933)
0.000914422   (-3.16505 3.60836 214.865)
0.000915358   (-3.12311 3.82982 215.014)
0.000916291   (-3.16557 3.91283 215.387)
0.000917224   (-3.27232 3.85578 215.948)
0.000918157   (-3.3977 3.67182 216.629)
0.00091909    (-3.48886 3.38514 217.34)
0.000920026   (-3.50706 3.02607 217.983)
0.000920966   (-3.43049 2.62324 218.471)
0.000921911   (-3.26459 2.20808 218.748)
0.000922864   (-3.03752 1.79888 218.793)
0.000923823   (-2.78087 1.43754 218.614)
0.000924785   (-2.52785 1.16785 218.255)
0.000925747   (-2.29346 1.01295 217.76)
0.000926711   (-2.07104 0.980476 217.175)
0.000927676   (-1.83709 1.05722 216.519)
0.000928641   (-1.55394 1.20306 215.812)
0.000929599   (-1.18738 1.35336 215.072)
0.000930553   (-0.710564 1.43501 214.293)
0.000931501   (-0.113138 1.38301 213.476)
0.00093244    (0.590736 1.15362 212.63)
0.000933372   (1.36659 0.724145 211.76)
0.000934298   (2.16758 0.104018 210.879)
0.000935222   (2.9353 -0.656306 210.015)
0.000936147   (3.60724 -1.49911 209.219)
0.000937073   (4.13032 -2.33267 208.507)
0.000937999   (4.46377 -3.04425 208.023)
0.000938921   (4.60399 -3.53781 207.806)
0.000939838   (4.58794 -3.73517 207.925)
0.000940755   (4.46023 -3.62427 208.407)
0.000941673   (4.28353 -3.25578 209.212)
0.000942591   (4.07918 -2.7246 210.234)
0.000943512   (3.84738 -2.1432 211.334)
0.000944437   (3.5908 -1.61414 212.366)
0.000945362   (3.32581 -1.21743 213.229)
0.000946278   (3.06462 -1.00004 213.871)
0.000947183   (2.81861 -0.976745 214.331)
0.000948079   (2.57393 -1.12984 214.672)
0.000948976   (2.2853 -1.43054 214.945)
0.00094987    (1.89424 -1.84038 215.174)
0.000950761   (1.3458 -2.32587 215.347)
0.000951651   (0.619751 -2.86443 215.425)
0.000952541   (-0.248462 -3.45326 215.338)
0.000953432   (-1.17746 -4.11477 215.015)
0.000954326   (-2.04273 -4.87918 214.401)
0.000955223   (-2.72276 -5.74659 213.465)
0.000956124   (-3.09979 -6.68596 212.239)
0.00095703    (-3.10043 -7.65392 210.811)
0.00095794    (-2.69885 -8.60624 209.287)
0.000958855   (-1.9285 -9.4819 207.757)
0.000959774   (-0.875014 -10.1852 206.257)
0.000960702   (0.35542 -10.6043 204.768)
0.00096165    (1.64697 -10.6386 203.252)
0.000962613   (2.87163 -10.2469 201.73)
0.000963577   (3.93549 -9.51614 200.28)
0.00096454    (4.81303 -8.59241 198.948)
0.000965501   (5.50971 -7.62934 197.773)
0.000966462   (6.05538 -6.73969 196.758)
0.000967423   (6.48531 -5.98484 195.878)
0.000968384   (6.82819 -5.36538 195.1)
0.000969345   (7.0934 -4.83074 194.398)
0.000970306   (7.26379 -4.29177 193.755)
0.000971267   (7.29764 -3.64965 193.171)
0.000972228   (7.15457 -2.84633 192.666)
0.000973189   (6.7882 -1.86259 192.287)
0.000974149   (6.18351 -0.786134 192.118)
0.000975108   (5.38825 0.209136 192.308)
0.000976068   (4.51624 0.892396 192.969)
0.000977029   (3.72984 1.08835 194.213)
0.00097799    (3.16764 0.765726 196.018)
0.000978951   (2.8822 0.119996 198.238)
0.000979912   (2.79484 -0.49535 200.639)
0.000980873   (2.75746 -0.737032 202.947)
0.000981835   (2.63764 -0.458434 204.934)
0.000982796   (2.3753 0.235861 206.492)
0.000983757   (1.97957 1.08012 207.628)
0.000984718   (1.50245 1.82052 208.418)
0.000985675   (1.01137 2.34278 208.951)
0.000986629   (0.571378 2.64102 209.317)
0.000987577   (0.235634 2.78609 209.524)
0.00098852    (0.0331134 2.8382 209.642)
0.000989461   (-0.0359375 2.85535 209.686)
0.000990399   (0.0115395 2.87134 209.674)
0.000991331   (0.136288 2.88673 209.621)
0.000992263   (0.30087 2.89044 209.539)
0.000993195   (0.470024 2.86722 209.429)
0.000994127   (0.61336 2.80015 209.298)
0.00099506    (0.719174 2.67985 209.144)
0.000995992   (0.7928 2.50841 208.961)
0.000996924   (0.852883 2.30455 208.735)
0.000997856   (0.924688 2.08466 208.442)
0.000998788   (1.02832 1.86751 208.051)
0.00099972    (1.18091 1.66638 207.535)
0.00100067    (1.39592 1.47503 206.858)
0.00100162    (1.67362 1.28335 206.007)
0.00100257    (2.00974 1.07181 204.992)
0.00100352    (2.38945 0.813847 203.79)
0.00100447    (2.80619 0.486996 202.427)
0.00100543    (3.25067 0.0844037 200.938)
0.00100638    (3.70538 -0.383493 199.363)
0.00100734    (4.15057 -0.889352 197.746)
0.00100829    (4.56672 -1.39236 196.12)
0.00100925    (4.94016 -1.82598 194.54)
0.0010102     (5.26478 -2.14003 193.072)
0.00101115    (5.53869 -2.29299 191.716)
0.0010121     (5.76085 -2.24387 190.469)
0.00101305    (5.94109 -1.98592 189.324)
0.001014      (6.07233 -1.52594 188.277)
0.00101495    (6.15098 -0.886785 187.323)
0.0010159     (6.16842 -0.118282 186.509)
0.00101685    (6.10514 0.704261 185.875)
0.0010178     (5.93936 1.47617 185.494)
0.00101875    (5.65596 2.07597 185.452)
0.0010197     (5.27786 2.40717 185.863)
0.00102065    (4.85772 2.4186 186.816)
0.0010216     (4.46581 2.07347 188.349)
0.00102255    (4.15704 1.42335 190.359)
0.0010235     (3.95835 0.605613 192.776)
0.00102446    (3.80279 -0.221449 195.455)
0.0010254     (3.5766 -0.925779 198.187)
0.00102635    (3.16173 -1.44852 200.752)
0.00102729    (2.51229 -1.80955 202.955)
0.00102823    (1.69673 -2.07007 204.664)
