# Probe 0 (0 0 0.76)
# Time        0            
0.001         845.454      
0.00100067    846.556      
0.00100162    848.446      
0.00100257    850.85       
0.00100352    853.923      
0.00100447    857.622      
0.00100543    861.781      
0.00100638    866.261      
0.00100734    870.923      
0.00100829    875.573      
0.00100925    879.944      
0.0010102     883.872      
0.00101115    887.246      
0.0010121     890.031      
0.00101305    892.238      
0.001014      893.942      
0.00101495    895.135      
0.0010159     895.595      
0.00101685    895.814      
0.0010178     895.811      
0.00101875    895.489      
0.0010197     894.6        
0.00102065    892.767      
0.0010216     889.185      
0.00102255    882.697      
0.0010235     872.665      
0.00102446    860.016      
0.0010254     846.779      
0.00102635    834.919      
0.00102729    826.071      
0.00102823    820.98       
0.00102917    818.69       
0.00103011    817.393      
0.00103105    816.301      
0.00103198    816.045      
0.00103292    816.053      
0.00103385    816.143      
0.00103479    816.361      
0.00103573    816.664      
0.00103667    816.831      
0.0010376     816.785      
0.00103854    816.548      
0.00103948    816.067      
0.00104042    815.374      
0.00104136    814.527      
0.0010423     813.596      
0.00104324    812.68       
0.00104417    811.9        
0.00104511    811.285      
0.00104603    810.751      
0.00104696    810.321      
0.00104788    809.99       
0.0010488     809.962      
0.00104972    810.038      
0.00105064    810.287      
0.00105156    810.852      
0.00105247    811.766      
0.00105339    812.937      
0.0010543     814.261      
0.00105522    815.706      
0.00105613    817.278      
0.00105705    818.956      
0.00105797    820.669      
0.00105889    822.323      
0.00105981    823.818      
0.00106073    825.091      
0.00106165    826.127      
0.00106257    826.917      
0.0010635     827.473      
0.00106442    827.88       
0.00106535    828.319      
0.00106628    828.929      
0.00106721    829.759      
0.00106814    830.83       
0.00106907    832.157      
0.00107       833.738      
0.00107093    835.562      
0.00107187    837.563      
0.0010728     839.609      
0.00107374    841.643      
0.00107467    843.661      
0.00107561    845.63       
0.00107654    847.412      
0.00107748    848.824      
0.00107842    849.489      
0.00107936    849.78       
0.0010803     849.937      
0.00108124    849.856      
0.00108218    849.852      
0.00108312    850.105      
0.00108406    850.8        
0.001085      852.571      
0.00108594    855.661      
0.00108689    859.617      
0.00108783    861.988      
0.00108877    862.13       
0.00108972    860.774      
0.00109066    856.292      
0.0010916     848.03       
0.00109254    836.937      
0.00109348    825.421      
0.00109441    818.339      
0.00109534    817.022      
0.00109627    816.911      
0.0010972     817.103      
0.00109812    817.774      
0.00109905    818.848      
0.00109997    820.015      
0.00110089    820.425      
0.00110181    820.326      
0.00110274    819.711      
0.00110366    817.78       
0.00110459    814.097      
0.00110552    808.754      
0.00110645    802.322      
0.00110738    795.784      
0.0011083     790.296      
0.00110923    786.491      
0.00111016    784.627      
0.00111109    784.3        
0.00111202    784.323      
0.00111295    784.633      
0.00111389    785.342      
0.00111483    786.469      
0.00111577    787.984      
0.00111671    789.9        
0.00111766    792.308      
0.00111861    795.412      
0.00111956    799.613      
0.00112051    805.077      
0.00112146    811.433      
0.00112242    817.954      
0.00112338    823.846      
0.00112434    828.823      
0.00112531    833.003      
0.00112628    836.628      
0.00112725    839.933      
0.00112822    843.083      
0.00112919    846.128      
0.00113016    848.96       
0.00113113    851.32       
0.0011321     852.072      
0.00113307    852.138      
0.00113404    851.352      
0.00113501    848.529      
0.00113598    842.932      
0.00113695    834.788      
0.00113792    825.214      
0.00113888    816.025      
0.00113985    810.373      
0.00114082    809.406      
0.00114178    809.454      
0.00114274    810.34       
0.0011437     812.668      
0.00114466    816.219      
0.00114561    820.298      
0.00114656    824.359      
0.00114749    828.014      
0.00114842    831.11       
0.00114935    833.717      
0.00115027    835.934      
0.00115119    837.804      
0.00115212    839.374      
0.00115304    840.71       
0.00115397    841.792      
0.0011549     842.132      
0.00115584    842.11       
0.00115679    841.662      
0.00115774    840.279      
0.00115871    837.759      
0.00115967    834.209      
0.00116063    830.176      
0.00116158    826.617      
0.00116253    824.36       
0.00116347    823.703      
0.00116441    823.591      
0.00116535    823.661      
0.00116628    823.881      
0.0011672     824.55       
0.00116812    825.779      
0.00116905    827.388      
0.00116996    829.192      
0.00117088    830.995      
0.0011718     832.69       
0.00117272    834.286      
0.00117363    835.85       
0.00117455    837.375      
0.00117547    838.702      
0.00117639    838.992      
0.00117731    838.892      
0.00117824    838.165      
0.00117917    836.4        
0.00118012    833.534      
0.00118107    829.898      
0.00118202    826.192      
0.00118297    823.12       
0.00118391    821.045      
0.00118485    820.011      
0.00118579    819.658      
0.00118672    819.432      
0.00118766    819.033      
0.0011886     818.244      
0.00118954    816.907      
0.00119049    815.012      
0.00119144    812.734      
0.00119239    810.439      
0.00119334    809.405      
0.00119429    809.367      
0.00119524    809.7        
0.00119619    810.638      
0.00119714    812.125      
0.00119808    813.956      
0.00119903    815.914      
0.00119997    817.868      
0.00120091    819.797      
0.00120185    821.766      
0.00120279    823.821      
0.00120372    825.992      
0.00120465    827.872      
0.00120558    828.771      
0.0012065     829.135      
0.00120741    829.356      
0.00120833    829.283      
0.00120924    828.789      
0.00121015    828.117      
0.00121105    827.976      
0.00121196    828.123      
0.00121287    828.946      
0.00121377    830.748      
0.00121468    833.055      
0.00121559    834.742      
0.00121649    834.947      
0.0012174     834.499      
0.00121832    832.513      
0.00121923    828.345      
0.00122015    822.332      
0.00122107    816.408      
0.00122199    814.976      
0.00122291    815.035      
0.00122384    816.17       
0.00122476    819.135      
0.0012257     823.133      
0.00122663    826.809      
0.00122757    829.506      
0.00122851    831.513      
0.00122945    833.29       
0.0012304     834.958      
0.00123134    836.402      
0.00123229    837.355      
0.00123324    837.464      
0.00123418    837.334      
0.00123512    836.883      
0.00123606    835.904      
0.00123699    834.378      
0.00123792    833.793      
0.00123885    833.88       
0.00123979    834.491      
0.00124072    835.573      
0.00124165    836.879      
0.00124258    838.196      
0.00124352    839.34       
0.00124445    839.956      
0.00124539    840.054      
0.00124634    840.018      
0.00124728    839.75       
0.00124822    839.17       
0.00124917    838.307      
0.00125012    837.285      
0.00125107    836.37       
0.00125203    835.771      
0.00125299    835.479      
0.00125395    835.36       
0.0012549     835.36       
0.00125586    835.457      
0.00125682    835.932      
0.00125777    837.095      
0.00125873    839.123      
0.00125969    842.128      
0.00126065    846.062      
0.00126162    850.649      
0.00126258    855.454      
0.00126355    860.088      
0.00126451    864.324      
0.00126548    868.126      
0.00126644    871.586      
0.0012674     874.823      
0.00126837    877.859      
0.00126933    880.687      
0.0012703     883.317      
0.00127126    885.687      
0.00127223    887.668      
0.00127319    889.194      
0.00127416    890.329      
0.00127512    890.966      
0.00127608    890.986      
0.00127705    890.225      
0.00127801    887.627      
0.00127898    881.854      
0.00127995    871.218      
0.00128092    855.142      
0.00128189    838.243      
0.00128286    833.712      
0.00128383    833.541      
0.0012848     835.702      
0.00128576    842.096      
0.00128673    851.678      
0.0012877     862.159      
0.00128867    871.56       
0.00128963    878.985      
0.0012906     884.66       
0.00129157    888.751      
0.00129254    889.787      
0.00129351    889.623      
0.00129448    887.013      
0.00129546    880.897      
0.00129643    871.479      
0.0012974     860.923      
0.00129837    852.107      
0.00129933    846.523      
0.0013003     843.76       
0.00130127    842.926      
0.00130224    842.832      
0.0013032     843.038      
0.00130417    843.919      
0.00130514    845.45       
0.00130611    847.191      
0.00130708    848.777      
0.00130805    850.081      
0.00130902    851.104      
0.00130999    851.639      
0.00131096    851.954      
0.00131193    851.662      
0.0013129     850.253      
0.00131387    847.595      
0.00131484    843.744      
0.00131581    839.069      
0.00131677    833.985      
0.00131774    828.971      
0.00131871    824.414      
0.00131967    820.29       
0.00132063    816.37       
0.00132159    812.569      
0.00132255    809.235      
0.0013235     808.268      
0.00132446    808.284      
0.00132542    808.814      
0.00132637    810.381      
0.00132733    813.117      
0.00132828    816.742      
0.00132924    820.831      
0.0013302     824.901      
0.00133116    828.538      
0.00133212    831.372      
0.00133308    832.457      
0.00133405    832.71       
0.00133501    832.833      
0.00133598    833.058      
0.00133694    833.521      
0.00133791    833.831      
0.00133887    833.799      
0.00133983    833.348      
0.0013408     832.192      
0.00134176    830.154      
0.00134272    827.248      
0.00134368    823.668      
0.00134464    819.673      
0.0013456     815.57       
0.00134656    811.705      
0.00134753    808.289      
0.00134849    805.314      
0.00134945    802.717      
0.00135041    800.591      
0.00135138    799.265      
0.00135234    799.033      
0.00135331    799.056      
0.00135428    799.351      
0.00135525    800.18       
0.00135622    801.664      
0.00135719    803.767      
0.00135816    806.324      
0.00135913    809.092      
0.0013601     811.886      
0.00136107    814.612      
0.00136204    817.224      
0.00136301    819.682      
0.00136398    821.927      
0.00136494    823.902      
0.0013659     825.624      
0.00136686    827.185      
0.00136782    828.608      
0.00136878    829.846      
0.00136973    830.951      
0.00137069    832.005      
0.00137165    833.027      
0.0013726     834          
0.00137356    834.769      
0.00137451    835.042      
0.00137547    835.139      
0.00137642    834.824      
0.00137738    833.883      
0.00137833    832.494      
0.00137929    830.974      
0.00138025    829.486      
0.0013812     827.973      
0.00138216    826.228      
0.00138312    823.993      
0.00138408    821.071      
0.00138504    817.469      
0.001386      813.49       
0.00138696    809.567      
0.00138792    806.062      
0.00138888    803.527      
0.00138984    802.969      
0.0013908     802.986      
0.00139176    803.298      
0.00139272    804.116      
0.00139368    805.352      
0.00139464    806.779      
0.00139559    808.227      
0.00139655    809.606      
0.0013975     810.909      
0.00139846    812.163      
0.00139941    813.402      
0.00140037    814.65       
0.00140132    815.915      
0.00140227    817.191      
0.00140323    818.473      
0.00140418    819.757      
0.00140514    821.027      
0.0014061     822.237      
0.00140705    823.345      
0.00140801    824.337      
0.00140897    825.252      
0.00140993    826.156      
0.00141089    827.119      
0.00141184    828.199      
0.0014128     829.461      
0.00141376    830.976      
0.00141473    832.883      
0.00141569    835.296      
0.00141665    838.275      
0.00141761    841.835      
0.00141858    845.871      
0.00141955    850.057      
0.00142051    853.984      
0.00142148    857.22       
0.00142244    859.184      
0.0014234     859.649      
0.00142437    859.73       
0.00142533    859.311      
0.0014263     857.794      
0.00142727    854.67       
0.00142823    849.571      
0.0014292     842.45       
0.00143016    833.904      
0.00143113    825.332      
0.0014321     818.589      
0.00143306    816.361      
0.00143403    815.965      
0.00143499    815.938      
0.00143594    816.048      
0.0014369     816.436      
0.00143785    817.135      
0.0014388     818.136      
0.00143975    819.396      
0.0014407     820.825      
0.00144165    822.291      
0.0014426     823.622      
0.00144354    824.622      
0.00144449    824.962      
0.00144544    825.004      
0.00144639    824.941      
0.00144733    824.627      
0.00144827    824.034      
0.0014492     823.285      
0.00145013    822.541      
0.00145105    821.824      
0.00145197    821.195      
0.00145289    820.706      
0.00145381    820.573      
0.00145473    820.574      
0.00145565    820.835      
0.00145657    822.089      
0.00145749    824.915      
0.00145841    829.612      
0.00145934    836.232      
0.00146026    844.523      
0.00146119    853.792      
0.00146213    862.944      
0.00146306    870.46       
0.001464      875.513      
0.00146495    877.804      
0.00146589    878.479      
0.00146685    877.996      
0.00146781    873.632      
0.00146877    863.365      
0.00146973    848.143      
0.0014707     831.472      
0.00147168    820.488      
0.00147265    818.204      
0.00147362    818.03       
0.00147459    818.636      
0.00147556    820.743      
0.00147653    823.701      
0.0014775     826.312      
0.00147847    828.672      
0.00147944    831.379      
0.00148041    834.586      
0.00148139    838.004      
0.00148236    841.059      
0.00148333    843.592      
0.0014843     845.833      
0.00148527    847.751      
0.00148624    849.195      
0.0014872     850.123      
0.00148816    850.26       
0.00148912    849.775      
0.00149008    848.796      
0.00149103    847.606      
0.00149199    846.862      
0.00149295    846.434      
0.00149391    846.056      
0.00149486    845.161      
0.00149581    843.269      
0.00149676    839.727      
0.00149771    834.322      
0.00149867    827.112      
0.00149962    818.842      
0.00150058    810.857      
0.00150155    807.198      
0.00150252    806.903      
0.00150349    807.411      
0.00150447    808.508      
0.00150545    808.859      
0.00150643    808.804      
0.00150741    808.131      
0.00150839    807.778      
0.00150937    808.042      
0.00151035    809.053      
0.00151133    811.057      
0.0015123     813.983      
0.00151328    817.579      
0.00151425    821.387      
0.00151522    824.931      
0.00151618    827.907      
0.00151715    830.172      
0.00151812    831.596      
0.00151909    832.619      
0.00152006    833.871      
0.00152103    835.686      
0.001522      838.137      
0.00152297    841.134      
0.00152394    844.603      
0.00152491    848.508      
0.00152588    852.978      
0.00152685    857.962      
0.00152782    863.078      
0.00152878    867.765      
0.00152974    871.458      
0.0015307     873.963      
0.00153167    875.601      
0.00153262    876.038      
0.00153358    875.954      
0.00153454    875.668      
0.0015355     875.386      
0.00153646    875.294      
0.00153742    875.339      
0.00153838    875.583      
0.00153935    876.056      
0.00154031    876.639      
0.00154127    877.076      
0.00154223    877.095      
0.00154319    876.99       
0.00154414    876.736      
0.0015451     876.511      
0.00154605    876.432      
0.001547      876.442      
0.00154794    876.567      
0.00154889    876.59       
0.00154984    876.397      
0.00155079    875.763      
0.00155174    874.538      
0.0015527     872.655      
0.00155365    869.958      
0.00155461    866.204      
0.00155556    861.325      
0.00155652    855.291      
0.00155748    848.005      
0.00155845    839.478      
0.00155941    830.318      
0.00156038    821.856      
0.00156134    815.222      
0.00156231    810.805      
0.00156327    808.694      
0.00156424    808.095      
0.00156521    807.828      
0.00156617    807.513      
0.00156714    807.058      
0.00156811    806.794      
0.00156908    806.804      
0.00157005    807.021      
0.00157102    807.495      
0.00157199    808          
0.00157296    808.075      
0.00157393    808.004      
0.00157489    807.726      
0.00157586    807.295      
0.00157683    807.083      
0.0015778     807.084      
0.00157877    807.261      
0.00157974    807.698      
0.00158071    808.334      
0.00158168    809.052      
0.00158265    809.77       
0.00158362    810.464      
0.00158459    811.147      
0.00158556    811.838      
0.00158653    812.511      
0.0015875     813.104      
0.00158847    813.609      
0.00158944    814.053      
0.00159041    814.509      
0.00159138    815.072      
0.00159236    815.843      
0.00159333    816.916      
0.0015943     818.4        
0.00159527    820.355      
0.00159624    822.755      
0.00159721    825.477      
0.00159818    828.156      
0.00159915    830.397      
0.00160012    832.179      
0.00160108    833.747      
0.00160204    835.269      
0.001603      836.854      
0.00160395    838.562      
0.0016049     840.447      
0.00160585    842.561      
0.0016068     844.943      
0.00160774    847.601      
0.00160869    850.14       
0.00160963    850.884      
0.00161058    850.857      
0.00161153    849.641      
0.00161249    846.202      
0.00161345    840.476      
0.00161441    833.528      
0.00161537    827.007      
0.00161634    822.741      
0.0016173     821.72       
0.00161826    821.744      
0.00161923    822.67       
0.00162019    825.375      
0.00162115    829.347      
0.00162211    833.052      
0.00162307    834.636      
0.00162403    835.109      
0.00162499    835.502      
0.00162596    836.577      
0.00162692    838.868      
0.00162788    842.363      
0.00162885    846.635      
0.00162982    851.188      
0.00163079    855.726      
0.00163176    860.152      
0.00163273    864.554      
0.0016337     868.991      
0.00163467    873.446      
0.00163564    877.828      
0.00163661    881.912      
0.00163758    885.505      
0.00163855    888.658      
0.00163952    891.502      
0.00164049    894.128      
0.00164146    896.596      
0.00164243    897.752      
0.0016434     897.667      
0.00164437    896.194      
0.00164534    891.749      
0.00164631    883.221      
0.00164729    870.362      
0.00164826    854.472      
0.00164923    838.552      
0.00165021    830.38       
0.00165118    829.262      
0.00165216    829.667      
0.00165313    832.038      
0.00165411    835.652      
0.00165508    839.083      
0.00165605    841.715      
0.00165702    843.654      
0.001658      845.371      
0.00165897    847.3        
0.00165994    849.459      
0.00166091    851.582      
0.00166187    853.369      
0.00166284    854.657      
0.00166381    855.447      
0.00166478    855.902      
0.00166575    856.057      
0.00166671    854.761      
0.00166768    851.053      
0.00166864    845.104      
0.00166961    837.859      
0.00167057    830.743      
0.00167153    826.703      
0.00167249    826.133      
0.00167345    826.345      
0.00167441    827.022      
0.00167536    828.736      
0.00167631    830.965      
0.00167727    832.614      
0.00167822    832.837      
0.00167917    832.611      
0.00168012    831.416      
0.00168108    828.789      
0.00168203    824.865      
0.00168299    820.507      
0.00168395    818.645      
0.00168491    818.694      
0.00168587    819.557      
0.00168683    821.902      
0.00168779    825.582      
0.00168875    830.018      
0.00168971    834.727      
0.00169066    839.456      
0.00169162    844.037      
0.00169258    848.36       
0.00169353    852.323      
0.00169448    855.878      
0.00169544    859.068      
0.00169639    861.856      
0.00169734    864.128      
0.00169829    865.648      
0.00169924    865.923      
0.00170019    865.868      
0.00170114    865.427      
0.00170209    864.389      
0.00170304    862.706      
0.00170398    860.496      
0.00170493    858.074      
0.00170587    855.961      
0.00170681    855.446      
0.00170775    855.504      
0.00170868    855.883      
0.00170962    856.819      
0.00171056    858.286      
0.0017115     860.148      
0.00171243    862.293      
0.00171337    864.634      
0.00171431    867.076      
0.00171525    869.552      
0.00171619    872.048      
0.00171713    874.56       
0.00171807    877.076      
0.00171902    879.544      
0.00171996    881.903      
0.00172091    884.076      
0.00172186    884.867      
0.00172281    884.943      
0.00172377    884.234      
0.00172472    881.939      
0.00172568    877.521      
0.00172664    871.05       
0.0017276     863.403      
0.00172856    855.672      
0.00172952    848.837      
0.00173048    843.389      
0.00173145    839.035      
0.00173241    834.993      
0.00173337    830.668      
0.00173434    826.056      
0.0017353     821.712      
0.00173627    818.304      
0.00173723    816.172      
0.0017382     815.163      
0.00173915    814.721      
0.00174011    814.259      
0.00174105    813.53       
0.00174199    812.674      
0.00174292    812.085      
0.00174384    811.952      
0.00174476    811.956      
0.00174568    812.127      
0.00174659    812.505      
0.0017475     812.984      
0.0017484     813.501      
0.00174931    814.277      
0.00175021    815.551      
0.00175111    817.502      
0.00175202    820.185      
0.00175292    823.327      
0.00175381    826.753      
0.00175471    830.397      
0.0017556     834.14       
0.00175651    837.844      
0.00175744    841.375      
0.00175839    844.625      
0.00175936    847.504      
0.00176033    850.078      
0.0017613     852.456      
0.00176227    854.683      
0.00176324    856.789      
0.00176421    858.794      
0.00176518    860.711      
0.00176614    862.583      
0.00176711    864.432      
0.00176807    866.28       
0.00176903    868.178      
0.00176999    870.18       
0.00177095    872.315      
0.00177191    874.586      
0.00177286    876.975      
0.00177382    879.479      
0.00177477    882.17       
0.00177573    885.147      
0.00177669    888.501      
0.00177765    892.263      
0.00177862    896.393      
0.0017796     899.594      
0.00178057    899.594      
0.00178155    897.174      
0.00178252    888.491      
0.0017835     870.641      
0.00178448    844.064      
0.00178546    813.769      
0.00178644    786.93       
0.00178741    771.849      
0.00178839    768.608      
0.00178937    768.098      
0.00179035    768.157      
0.00179133    768.615      
0.0017923     769.62       
0.00179327    771.015      
0.00179424    772.737      
0.00179521    774.841      
0.00179617    777.405      
0.00179714    780.498      
0.00179811    784.16       
0.00179907    788.245      
0.00180004    792.465      
0.00180101    796.509      
0.00180198    800.173      
0.00180295    803.457      
0.00180392    806.488      
0.00180489    809.405      
0.00180586    812.274      
0.00180683    815.048      
0.0018078     817.509      
0.00180876    819.208      
0.00180973    819.67       
0.0018107     819.834      
0.00181167    819.654      
0.00181264    819.077      
0.0018136     818.312      
0.00181457    818.005      
0.00181553    818.112      
0.0018165     818.533      
0.00181746    819.531      
0.00181843    821.099      
0.00181939    823.184      
0.00182036    825.732      
0.00182133    828.853      
0.00182229    832.971      
0.00182326    838.154      
0.00182423    843.897      
0.00182519    849.204      
0.00182615    853.6        
0.00182711    857.232      
0.00182807    860.29       
0.00182902    861.994      
0.00182998    862.412      
0.00183093    862.296      
0.00183189    861.214      
0.00183284    858.988      
0.0018338     855.711      
0.00183475    851.762      
0.00183571    847.758      
0.00183667    844.918      
0.00183763    844.424      
0.00183859    844.522      
0.00183956    844.738      
0.00184052    845.169      
0.00184149    845.868      
0.00184246    846.675      
0.00184343    847.359      
0.00184439    847.877      
0.00184536    848.406      
0.00184633    849.082      
0.0018473     849.91       
0.00184827    850.84       
0.00184924    851.903      
0.0018502     853.195      
0.00185117    854.805      
0.00185213    856.759      
0.00185309    859.007      
0.00185406    861.453      
0.00185502    863.895      
0.00185598    865.788      
0.00185694    866.912      
0.00185789    867.554      
0.00185885    868.039      
0.00185981    868.486      
0.00186077    868.445      
0.00186173    868.037      
0.00186269    866.499      
0.00186364    862.809      
0.0018646     856.194      
0.00186557    847.021      
0.00186653    837.274      
0.00186749    832.565      
0.00186846    831.955      
0.00186942    832.125      
0.00187039    833.033      
0.00187136    834.43       
0.00187233    834.551      
0.0018733     833.764      
0.00187428    831.217      
0.00187525    826.991      
0.00187623    822.199      
0.0018772     820.307      
0.00187817    820.176      
0.00187914    820.557      
0.00188011    821.538      
0.00188108    822.624      
0.00188205    822.817      
0.00188302    822.56       
0.00188398    821.179      
0.00188495    818.196      
0.00188592    813.676      
0.00188688    808.222      
0.00188785    802.802      
0.00188881    800.249      
0.00188977    800.097      
0.00189074    800.449      
0.0018917     801.604      
0.00189266    803.616      
0.00189362    806.229      
0.00189458    809.075      
0.00189555    811.747      
0.00189651    813.955      
0.00189747    815.62       
0.00189843    816.808      
0.0018994     817.75       
0.00190036    818.728      
0.00190132    819.867      
0.00190229    821.067      
0.00190325    822.115      
0.00190422    822.883      
0.00190519    823.367      
0.00190615    823.613      
0.00190712    823.745      
0.00190809    824.431      
0.00190906    826.326      
0.00191002    829          
0.00191098    832.062      
0.00191194    835.326      
0.00191289    838.544      
0.00191385    841.559      
0.0019148     844.382      
0.00191575    847.032      
0.00191669    849.474      
0.00191764    851.358      
0.00191858    851.898      
0.00191952    851.936      
0.00192047    850.676      
0.00192141    847.042      
0.00192235    841.356      
0.0019233     835.304      
0.00192424    829.981      
0.00192519    825.569      
0.00192614    822.217      
0.00192708    820.566      
0.00192802    820.293      
0.00192896    820.398      
0.0019299     821.198      
0.00193083    823.334      
0.00193176    826.628      
0.00193269    830.774      
0.00193362    835.694      
0.00193456    841.057      
0.00193549    846.132      
0.00193643    849.372      
0.00193737    849.879      
0.00193832    849.619      
0.00193926    847.813      
0.00194019    843.516      
0.00194112    836.963      
0.00194205    829.036      
0.00194297    820.813      
0.00194389    813.504      
0.00194481    808.773      
0.00194573    807.803      
0.00194665    807.866      
0.00194758    808.207      
0.00194851    809.291      
0.00194944    811.518      
0.00195038    814.766      
0.00195133    818.787      
0.00195227    823.553      
0.00195322    828.838      
0.00195415    834.102      
0.00195509    838.724      
0.00195602    842.331      
0.00195695    845.029      
0.00195789    847.203      
0.00195882    849.114      
0.00195976    850.583      
0.00196071    851.046      
0.00196166    851.104      
0.00196261    850.552      
0.00196357    848.681      
0.00196453    845.137      
0.0019655     840.207      
0.00196647    835.358      
0.00196745    832.491      
0.00196842    832.019      
0.00196939    832.088      
0.00197035    832.557      
0.00197132    833.509      
0.00197229    833.753      
0.00197326    833.585      
0.00197423    832.98       
0.0019752     832.072      
0.00197616    831.582      
0.00197713    831.623      
0.0019781     832.113      
0.00197906    833.172      
0.00198002    834.65       
0.00198097    836.512      
0.00198193    838.772      
0.00198289    841.329      
0.00198384    844.001      
0.0019848     846.707      
0.00198575    849.478      
0.00198671    852.222      
0.00198767    854.915      
0.00198862    857.471      
0.00198958    859.674      
0.00199053    861.506      
0.00199149    863.014      
0.00199245    864.062      
0.0019934     864.233      
0.00199436    863.932      
0.00199532    862.51       
0.00199627    859.16       
0.00199723    853.142      
0.00199818    843.835      
0.00199914    831.451      
0.0020001     818.074      
0.00200106    810.22       
0.00200202    809.105      
0.00200298    809.44       
0.00200394    811.667      
0.0020049     816.467      
0.00200586    823.133      
0.00200682    830.289      
0.00200777    836.778      
0.00200873    842.108      
0.00200968    846.255      
0.00201063    848.35       
0.00201158    848.923      
0.00201253    848.928      
0.00201348    847.792      
0.00201443    845.889      
0.00201538    844.997      
0.00201633    844.876      
0.00201729    844.876      
0.00201824    844.801      
0.00201919    844.467      
0.00202015    843.597      
0.0020211     842.092      
0.00202205    839.748      
0.00202301    836.323      
0.00202396    831.964      
0.00202492    827.812      
0.00202587    826.891      
0.00202683    827.006      
0.00202779    828.24       
0.00202875    830.861      
0.00202971    834.213      
0.00203066    837.502      
0.00203162    840.289      
0.00203258    842.518      
0.00203354    844.222      
0.00203449    845.489      
0.00203545    846.455      
0.00203642    847.236      
0.00203738    847.96       
0.00203834    848.779      
0.00203931    849.852      
0.00204028    851.369      
0.00204124    853.439      
0.00204221    855.984      
0.00204318    858.791      
0.00204415    861.633      
0.00204512    864.294      
0.00204609    866.409      
0.00204706    867.762      
0.00204803    868.449      
0.002049      868.864      
0.00204997    869.342      
0.00205094    869.695      
0.00205192    869.848      
0.00205289    869.626      
0.00205385    868.678      
0.00205481    866.849      
0.00205578    864.438      
0.00205674    861.858      
0.0020577     859.689      
0.00205867    859.205      
0.00205963    859.306      
0.0020606     860.013      
0.00206157    861.614      
0.00206254    863.65       
0.00206352    865.785      
0.00206449    867.774      
0.00206546    869.474      
0.00206643    870.266      
0.00206739    870.45       
0.00206836    870.335      
0.00206933    869.612      
0.0020703     868.214      
0.00207128    866.095      
0.00207225    863.171      
0.00207322    859.317      
0.00207419    854.803      
0.00207517    850.239      
0.00207615    846.949      
0.00207712    846.334      
0.00207809    846.379      
0.00207907    846.883      
0.00208004    847.986      
0.00208101    849.636      
0.00208198    851.755      
0.00208295    854.249      
0.00208391    856.992      
0.00208488    859.846      
0.00208585    862.667      
0.00208682    865.323      
0.00208779    867.668      
0.00208876    869.643      
0.00208972    871.256      
0.00209069    872.359      
0.00209166    873.231      
0.00209262    874.181      
0.00209359    874.694      
0.00209455    874.593      
0.00209551    873.205      
0.00209648    868.931      
0.00209744    860.209      
0.00209841    846.609      
0.00209937    830.226      
0.00210033    818.129      
0.0021013     815.939      
0.00210226    815.954      
0.00210322    816.639      
0.00210419    818.215      
0.00210515    820.253      
0.00210612    822.277      
0.00210708    823.985      
0.00210804    825.361      
0.00210901    826.585      
0.00210997    827.804      
0.00211094    829.153      
0.0021119     830.822      
0.00211286    832.832      
0.00211383    835.074      
0.00211479    837.474      
0.00211576    840.005      
0.00211673    842.676      
0.00211769    845.483      
0.00211866    848.344      
0.00211963    851.181      
0.0021206     853.945      
0.00212156    856.655      
0.00212253    859.225      
0.0021235     861.445      
0.00212447    863.299      
0.00212544    864.896      
0.00212641    866.373      
0.00212738    867.827      
0.00212835    869.354      
0.00212932    871.097      
0.00213029    873.214      
0.00213126    875.872      
0.00213224    879.214      
0.00213321    883.303      
0.00213418    888.059      
0.00213515    893.294      
0.00213612    898.703      
0.0021371     903.779      
0.00213807    907.317      
0.00213904    908.192      
0.00214001    907.817      
0.00214098    904.247      
0.00214195    895.96       
0.00214292    883.671      
0.00214388    870.427      
0.00214485    859.563      
0.00214581    852.572      
0.00214678    847.868      
0.00214774    843.166      
0.0021487     838.025      
0.00214966    833.257      
0.00215062    829.495      
0.00215158    826.718      
0.00215254    824.615      
0.0021535     822.883      
0.00215445    821.274      
0.00215541    819.723      
0.00215636    818.89       
0.00215732    818.851      
0.00215827    819.034      
0.00215922    819.629      
0.00216018    820.659      
0.00216113    821.974      
0.00216208    823.428      
0.00216303    824.9        
0.00216399    826.328      
0.00216494    827.734      
0.00216589    829.195      
0.00216684    830.828      
0.0021678     832.751      
0.00216875    834.995      
0.0021697     837.439      
0.00217066    839.502      
0.00217161    840.045      
0.00217257    840.006      
0.00217352    839.275      
0.00217448    836.97       
0.00217544    832.996      
0.00217639    828.086      
0.00217735    823.206      
0.00217831    818.969      
0.00217927    815.558      
0.00218023    812.879      
0.00218119    810.714      
0.00218215    809.022      
0.00218312    807.735      
0.00218408    806.754      
0.00218504    805.919      
0.00218601    805.054      
0.00218698    804.056      
0.00218794    802.905      
0.00218891    801.587      
0.00218988    800.096      
0.00219085    798.459      
0.00219183    796.807      
0.0021928     795.289      
0.00219377    793.983      
0.00219474    792.904      
0.00219571    792.051      
0.00219668    791.383      
0.00219764    790.866      
0.0021986     790.471      
0.00219956    790.154      
0.00220052    789.859      
0.00220147    789.546      
0.00220242    789.219      
0.00220338    788.94       
0.00220433    788.898      
0.00220528    788.952      
0.00220623    789.219      
0.00220719    789.799      
0.00220814    790.779      
0.00220909    792.239      
0.00221004    794.304      
0.002211      797.087      
0.00221195    800.696      
0.0022129     805.259      
0.00221385    810.848      
0.0022148     817.272      
0.00221576    824.165      
0.00221672    831.126      
0.00221769    837.783      
0.00221864    843.815      
0.00221959    848.766      
0.00222053    851.222      
0.00222147    851.852      
0.00222241    851.545      
0.00222334    848.543      
0.00222427    842.419      
0.00222521    834.607      
0.00222614    826.545      
0.00222708    819.065      
0.00222802    814.015      
0.00222897    812.739      
0.00222992    812.592      
0.00223088    812.842      
0.00223185    814.169      
0.00223282    816.968      
0.00223379    820.187      
0.00223476    822.702      
0.00223573    824.289      
0.0022367     825.296      
0.00223768    826.125      
0.00223865    826.924      
0.00223963    827.597      
0.0022406     828.057      
0.00224158    828.359      
0.00224255    828.652      
0.00224353    828.929      
0.0022445     828.96       
0.00224547    828.744      
0.00224645    828.194      
0.00224742    827.362      
0.00224839    826.298      
0.00224937    824.945      
0.00225035    823.445      
0.00225133    822.775      
0.00225231    822.839      
0.00225329    823.327      
0.00225427    824.45       
0.00225525    826.067      
0.00225623    827.886      
0.00225721    829.618      
0.00225819    831.039      
0.00225916    832.104      
0.00226014    832.964      
0.00226111    833.836      
0.00226209    834.908      
0.00226306    836.243      
0.00226403    837.765      
0.002265      839.354      
0.00226597    840.834      
0.00226694    841.322      
0.0022679     841.207      
0.00226887    840.568      
0.00226983    839.008      
0.00227079    836.353      
0.00227175    832.477      
0.00227271    827.371      
0.00227368    821.255      
0.00227464    814.713      
0.00227561    808.64       
0.00227658    805.729      
0.00227755    805.522      
0.00227852    805.99       
0.00227949    807.471      
0.00228046    809.705      
0.00228143    812.076      
0.00228241    814.043      
0.00228338    815.362      
0.00228435    816.151      
0.00228532    816.63       
0.00228628    817.028      
0.00228724    817.514      
0.0022882     818.205      
0.00228915    819.187      
0.0022901     820.505      
0.00229105    822.142      
0.002292      824.033      
0.00229294    826.096      
0.00229388    828.221      
0.00229482    830.285      
0.00229575    832.215      
0.00229669    833.99       
0.00229762    835.621      
0.00229855    837.107      
0.00229948    838.375      
0.00230041    838.84       
0.00230133    838.85       
0.00230226    838.56       
0.00230319    837.528      
0.00230413    835.552      
0.00230508    832.753      
0.00230604    829.481      
0.002307      826.182      
0.00230797    823.292      
0.00230893    821.026      
0.00230989    819.317      
0.00231084    817.891      
0.0023118     816.489      
0.00231276    814.885      
0.00231371    812.963      
0.00231467    810.689      
0.00231563    808.06       
0.00231659    805.091      
0.00231755    801.824      
0.00231851    798.329      
0.00231948    794.792      
0.00232044    791.459      
0.0023214     788.562      
0.00232236    786.26       
0.00232332    784.609      
0.00232428    784.114      
0.00232525    784.097      
0.00232621    784.261      
0.00232717    784.736      
0.00232813    785.56       
0.0023291     786.738      
0.00233006    788.232      
0.00233103    790.017      
0.00233199    791.982      
0.00233296    793.974      
0.00233392    795.885      
0.00233489    797.674      
0.00233586    799.352      
0.00233683    800.946      
0.00233779    802.474      
0.00233876    803.902      
0.00233972    805.232      
0.00234068    806.478      
0.00234165    807.646      
0.00234261    808.641      
0.00234357    809.388      
0.00234453    809.628      
0.00234548    809.65       
0.00234644    809.622      
0.00234739    809.531      
0.00234834    809.543      
0.0023493     809.75       
0.00235025    810.29       
0.0023512     811.281      
0.00235216    812.828      
0.00235311    814.9        
0.00235407    817.292      
0.00235502    819.733      
0.00235597    822.026      
0.00235693    824.136      
0.00235788    826.073      
0.00235884    827.818      
0.00235979    829.327      
0.00236074    830.205      
0.00236169    830.38       
0.00236264    830.282      
0.0023636     829.59       
0.00236455    827.959      
0.0023655     825.142      
0.00236644    820.985      
0.00236739    815.434      
0.00236833    808.713      
0.00236928    801.6        
0.00237023    795.306      
0.00237117    791.479      
0.00237213    790.711      
0.00237308    790.674      
0.00237404    790.878      
0.002375      791.557      
0.00237597    792.737      
0.00237694    794.082      
0.00237791    795.36       
0.00237888    796.532      
0.00237986    797.661      
0.00238084    798.814      
0.00238182    800.027      
0.0023828     801.294      
0.00238378    802.595      
0.00238476    803.909      
0.00238573    805.224      
0.00238671    806.53       
0.00238769    807.825      
0.00238868    809.106      
0.00238966    810.388      
0.00239064    811.688      
0.00239162    813.031      
0.0023926     814.431      
0.00239357    815.892      
0.00239455    817.405      
0.00239551    818.911      
0.00239647    820.364      
0.00239743    821.719      
0.00239838    822.917      
0.00239933    823.967      
0.00240027    824.885      
0.00240122    825.681      
0.00240217    826.404      
0.00240311    827.117      
0.00240406    827.823      
0.00240499    828.516      
0.00240593    829.198      
0.00240687    829.858      
0.0024078     830.254      
0.00240874    830.195      
0.00240968    829.769      
0.00241062    828.596      
0.00241156    826.331      
0.00241251    822.754      
0.00241346    818.04       
0.00241441    812.847      
0.00241537    807.905      
0.00241633    803.414      
0.0024173     798.238      
0.00241826    790.801      
0.00241923    780.875      
0.00242019    770.409      
0.00242115    761.87       
0.00242212    756.511      
0.00242308    754.204      
0.00242404    753.579      
0.002425      753.37       
0.00242595    753.341      
0.00242691    753.408      
0.00242787    753.708      
0.00242883    754.309      
0.0024298     755.081      
0.00243076    755.354      
0.00243173    755.405      
0.00243269    755.043      
0.00243366    754.24       
0.00243463    753.888      
0.00243559    753.966      
0.00243656    754.468      
0.00243753    755.728      
0.0024385     757.772      
0.00243947    760.724      
0.00244043    764.685      
0.0024414     769.713      
0.00244237    775.837      
0.00244334    783.038      
0.00244431    790.884      
0.00244529    798.841      
0.00244626    806.552      
0.00244723    813.808      
0.0024482     820.469      
0.00244918    826.364      
0.00245015    831.277      
0.00245113    834.985      
0.0024521     836.168      
0.00245308    836.509      
0.00245406    835.948      
0.00245503    833.956      
0.00245601    830.146      
0.00245699    824.378      
0.00245797    816.902      
0.00245895    808.442      
0.00245994    800.152      
0.00246092    793.234      
0.0024619     788.256      
0.00246288    785.834      
0.00246386    785.299      
0.00246485    785.228      
0.00246583    785.268      
0.0024668     785.5        
0.00246777    786.102      
0.00246873    787.25       
0.00246969    789.02       
0.00247064    791.353      
0.00247159    794.073      
0.00247255    796.94       
0.0024735     799.739      
0.00247447    802.341      
0.00247543    804.722      
0.0024764     806.854      
0.00247738    808.737      
0.00247835    810.263      
0.00247932    810.674      
0.00248029    810.667      
0.00248126    810.305      
0.00248223    809.32       
0.0024832     807.642      
0.00248417    805.334      
0.00248514    802.552      
0.00248611    799.532      
0.00248707    796.496      
0.00248804    793.672      
0.002489      791.274      
0.00248997    789.557      
0.00249093    788.661      
0.0024919     788.558      
0.00249286    788.628      
0.00249383    788.935      
0.00249479    789.677      
0.00249576    790.874      
0.00249672    792.488      
0.00249768    794.448      
0.00249865    796.683      
0.00249961    799.121      
0.00250058    801.727      
0.00250155    804.429      
0.00250252    807.107      
0.00250348    809.631      
0.00250445    811.843      
0.00250541    813.645      
0.00250637    815.028      
0.00250733    816.055      
0.00250829    816.841      
0.00250925    817.51       
0.00251021    818.105      
0.00251116    818.592      
0.00251212    818.832      
0.00251307    818.818      
0.00251402    818.698      
0.00251497    818.388      
0.00251592    817.791      
0.00251687    816.794      
0.00251782    815.241      
0.00251877    812.943      
0.00251972    809.944      
0.00252067    806.531      
0.00252162    803.067      
0.00252256    799.864      
0.00252351    797.187      
0.00252446    795.254      
0.0025254     794.746      
0.00252635    794.758      
0.00252729    795.027      
0.00252824    795.849      
0.00252918    797.276      
0.00253013    799.238      
0.00253107    801.658      
0.00253202    804.495      
0.00253296    807.854      
0.0025339     811.872      
0.00253485    816.361      
0.00253579    820.468      
0.00253674    821.791      
0.00253768    822.088      
0.00253862    820.407      
0.00253957    815.748      
0.00254051    809.342      
0.00254146    804.054      
0.0025424     802.328      
0.00254335    801.914      
0.00254429    801.828      
0.00254524    801.801      
0.00254618    801.737      
0.00254713    801.498      
0.00254807    800.898      
0.00254902    799.749      
0.00254997    797.964      
0.00255092    795.586      
0.00255187    792.754      
0.00255282    789.719      
0.00255377    786.878      
0.00255472    784.611      
0.00255567    783.142      
0.00255662    782.249      
0.00255758    781.542      
0.00255853    780.784      
0.00255948    779.959      
0.00256044    779.026      
0.00256139    777.911      
0.00256235    776.798      
0.0025633     776.51       
0.00256426    776.633      
0.00256521    777.109      
0.00256615    778.235      
0.00256708    779.9        
0.002568      781.864      
0.00256892    784.053      
0.00256984    786.49       
0.00257075    789.197      
0.00257166    792.218      
0.00257257    795.483      
0.00257348    798.848      
0.00257439    802.161      
0.0025753     805.182      
0.00257622    807.618      
0.00257714    808.446      
0.00257806    808.629      
0.00257899    808.258      
0.00257993    807.326      
0.00258087    807.066      
0.00258181    807.406      
0.00258275    809.062      
0.00258369    812.317      
0.00258463    816.759      
0.00258557    822.008      
0.0025865     828.265      
0.00258744    835.673      
0.00258837    843.872      
0.00258931    852.224      
0.00259025    859.501      
0.00259119    861.887      
0.00259213    862.3        
0.00259308    861.072      
0.00259402    856.288      
0.00259497    847.511      
0.00259592    835.933      
0.00259686    823.993      
0.00259781    817.88       
0.00259875    816.966      
0.00259969    817.112      
0.00260063    817.846      
0.00260157    819.606      
0.00260251    822.08       
0.00260344    824.87       
0.00260439    827.924      
0.00260533    831.404      
0.00260628    835.379      
0.00260722    839.79       
0.00260818    844.358      
0.00260913    847.317      
0.00261009    847.701      
0.00261104    847.492      
0.00261199    846.428      
0.00261295    845.141      
0.0026139     845.018      
0.00261485    845.244      
0.0026158     846.13       
0.00261675    847.136      
0.00261769    847.117      
0.00261864    846.664      
0.00261959    845.3        
0.00262055    842.761      
0.0026215     838.936      
0.00262246    834.351      
0.00262341    830.059      
0.00262436    828.432      
0.00262532    828.336      
0.00262627    828.842      
0.00262723    830.137      
0.00262818    832.05       
0.00262914    834.331      
0.00263009    836.708      
0.00263105    838.94       
0.00263201    840.835      
0.00263296    842.287      
0.00263392    843.313      
0.00263488    844.005      
0.00263584    844.213      
0.0026368     844.205      
0.00263776    843.953      
0.00263872    843.562      
0.00263968    843.342      
0.00264064    843.282      
0.00264161    843.519      
0.00264257    844.286      
0.00264353    845.532      
0.00264449    847.034      
