# Probe 0 (0 0 0.76)
# Time        0            
0.001         (1.23826 1.60872 207.352)
0.00100067    (1.39103 1.47881 206.856)
0.00100162    (1.67356 1.2854 206.006)
0.00100257    (2.00975 1.07173 204.992)
0.00100352    (2.38774 0.814071 203.791)
0.00100447    (2.80633 0.487737 202.427)
0.00100543    (3.24974 0.0837956 200.937)
0.00100638    (3.70432 -0.383352 199.363)
0.00100734    (4.15047 -0.887713 197.747)
0.00100829    (4.56813 -1.39291 196.121)
0.00100925    (4.94225 -1.82841 194.542)
0.0010102     (5.26634 -2.14071 193.074)
0.00101115    (5.53901 -2.29223 191.716)
0.0010121     (5.76077 -2.24387 190.469)
0.00101305    (5.94093 -1.98678 189.325)
0.001014      (6.07129 -1.52665 188.278)
0.00101495    (6.14952 -0.886285 187.323)
0.0010159     (6.16781 -0.116706 186.509)
0.00101685    (6.10538 0.705378 185.875)
0.0010178     (5.93956 1.47624 185.494)
0.00101875    (5.6557 2.0759 185.452)
0.0010197     (5.27771 2.4074 185.863)
0.00102065    (4.85826 2.41846 186.815)
0.0010216     (4.46686 2.0725 188.347)
0.00102255    (4.15802 1.42188 190.357)
0.0010235     (3.95878 0.604224 192.775)
0.00102446    (3.80248 -0.221968 195.455)
0.0010254     (3.57595 -0.92506 198.189)
0.00102635    (3.16142 -1.44713 200.754)
0.00102729    (2.51237 -1.8083 202.956)
0.00102823    (1.69671 -2.06921 204.665)
0.00102917    (0.839703 -2.28209 205.858)
0.00103011    (0.111075 -2.45285 206.687)
0.00103105    (-0.530028 -2.58209 207.328)
0.00103198    (-1.02155 -2.66084 207.882)
0.00103292    (-1.36211 -2.66095 208.454)
0.00103385    (-1.61142 -2.57132 209.039)
0.00103479    (-1.84407 -2.38285 209.609)
0.00103573    (-2.11272 -2.09853 210.135)
0.00103667    (-2.43537 -1.73443 210.607)
0.0010376     (-2.80946 -1.31659 211.049)
0.00103854    (-3.2165 -0.881504 211.481)
0.00103948    (-3.62269 -0.476003 211.94)
0.00104042    (-3.98226 -0.157619 212.46)
0.00104136    (-4.2457 0.0110885 213.052)
0.0010423     (-4.36219 0.000644627 213.701)
0.00104324    (-4.28944 -0.199285 214.35)
0.00104417    (-4.01206 -0.551718 214.915)
0.00104511    (-3.55536 -0.988212 215.3)
0.00104603    (-2.99782 -1.40552 215.435)
0.00104696    (-2.43711 -1.72509 215.29)
0.00104788    (-1.98091 -1.86978 214.907)
0.0010488     (-1.68947 -1.79106 214.353)
0.00104972    (-1.557 -1.4975 213.755)
0.00105064    (-1.50477 -1.00508 213.213)
0.00105156    (-1.44249 -0.348608 212.782)
0.00105247    (-1.29862 0.422044 212.459)
0.00105339    (-1.05877 1.22756 212.222)
0.0010543     (-0.774371 1.99828 212.063)
0.00105522    (-0.502957 2.68484 211.968)
0.00105613    (-0.279723 3.24934 211.916)
0.00105705    (-0.133641 3.67196 211.883)
0.00105797    (-0.0808961 3.95116 211.85)
0.00105889    (-0.129561 4.09884 211.804)
0.00105981    (-0.281727 4.12965 211.747)
0.00106073    (-0.525344 4.0571 211.679)
0.00106165    (-0.832411 3.89278 211.596)
0.00106257    (-1.16049 3.64802 211.494)
0.0010635     (-1.46187 3.33957 211.36)
0.00106442    (-1.68222 2.98582 211.189)
0.00106535    (-1.77812 2.61684 210.973)
0.00106628    (-1.72483 2.2581 210.703)
0.00106721    (-1.5114 1.94969 210.373)
0.00106814    (-1.14258 1.69552 209.995)
0.00106907    (-0.648174 1.50916 209.594)
0.00107       (-0.0622166 1.37547 209.211)
0.00107093    (0.570576 1.25973 208.897)
0.00107187    (1.20254 1.09966 208.699)
0.0010728     (1.79821 0.887959 208.653)
0.00107374    (2.33841 0.574299 208.738)
0.00107467    (2.83058 0.12517 208.918)
0.00107561    (3.26993 -0.475905 209.149)
0.00107654    (3.63905 -1.21357 209.404)
0.00107748    (3.90415 -2.04033 209.658)
0.00107842    (4.03754 -2.867 209.916)
0.00107936    (4.02557 -3.6076 210.143)
0.0010803     (3.86233 -4.16481 210.268)
0.00108124    (3.55745 -4.42975 210.212)
0.00108218    (3.14502 -4.32331 209.853)
0.00108312    (2.6847 -3.80511 209.086)
0.00108406    (2.23021 -2.86804 207.892)
0.001085      (1.81647 -1.57493 206.329)
0.00108594    (1.41663 -0.0804429 204.508)
0.00108689    (0.938018 1.38199 202.636)
0.00108783    (0.387364 2.61621 200.96)
0.00108877    (-0.277371 3.42795 199.812)
0.00108972    (-0.979868 3.76869 199.3)
0.00109066    (-1.58418 3.66837 199.491)
0.0010916     (-1.93816 3.19316 200.208)
0.00109254    (-1.92886 2.44171 201.099)
0.00109348    (-1.53737 1.53913 201.9)
0.00109441    (-0.87358 0.67921 202.426)
0.00109534    (-0.0143999 0.0665185 202.558)
0.00109627    (0.947317 -0.261334 202.56)
0.0010972     (1.95638 -0.297716 202.506)
0.00109812    (2.96533 -0.108945 202.454)
0.00109905    (3.91421 0.229034 202.458)
0.00109997    (4.72236 0.663346 202.54)
0.00110089    (5.32204 1.14324 202.772)
0.00110181    (5.67667 1.63104 203.192)
0.00110274    (5.77489 2.0738 203.831)
0.00110366    (5.61459 2.4229 204.729)
0.00110459    (5.26045 2.64962 205.874)
0.00110552    (4.75776 2.77066 207.199)
0.00110645    (4.17926 2.85322 208.607)
0.00110738    (3.60865 2.97397 209.988)
0.0011083     (3.10793 3.16881 211.24)
0.00110923    (2.74501 3.40769 212.297)
0.00111016    (2.56275 3.61536 213.157)
0.00111109    (2.55093 3.73079 213.786)
0.00111202    (2.67923 3.73356 214.242)
0.00111295    (2.91019 3.59463 214.524)
0.00111389    (3.1575 3.33872 214.623)
0.00111483    (3.33124 2.99941 214.532)
0.00111577    (3.33124 2.6169 214.243)
0.00111671    (3.08626 2.22884 213.763)
0.00111766    (2.56667 1.86218 213.115)
0.00111861    (1.81813 1.53537 212.362)
0.00111956    (0.908659 1.24933 211.588)
0.00112051    (-0.0327893 1.00233 210.809)
0.00112146    (-0.897612 0.800508 210.083)
0.00112242    (-1.60846 0.6519 209.402)
0.00112338    (-2.14071 0.548864 208.77)
0.00112434    (-2.52755 0.469637 208.141)
0.00112531    (-2.80994 0.381071 207.469)
0.00112628    (-3.02583 0.238029 206.736)
0.00112725    (-3.1963 -0.000407029 205.938)
0.00112822    (-3.33237 -0.334555 205.086)
0.00112919    (-3.44197 -0.739441 204.207)
0.00113016    (-3.5125 -1.16693 203.358)
0.00113113    (-3.54179 -1.54281 202.573)
0.0011321     (-3.54304 -1.8129 202.013)
0.00113307    (-3.52325 -1.97785 201.757)
0.00113404    (-3.49089 -2.08656 201.918)
0.00113501    (-3.42874 -2.22826 202.564)
0.00113598    (-3.32541 -2.47636 203.647)
0.00113695    (-3.11338 -2.8514 204.99)
0.00113792    (-2.72775 -3.31608 206.327)
0.00113888    (-2.12943 -3.75386 207.391)
0.00113985    (-1.35375 -4.06904 207.99)
0.00114082    (-0.507111 -4.13586 207.906)
0.00114178    (0.273817 -3.88726 207.339)
0.00114274    (0.828763 -3.30537 206.436)
0.0011437     (1.19909 -2.43431 205.342)
0.00114466    (1.382 -1.34817 204.182)
0.00114561    (1.4209 -0.143043 203.055)
0.00114656    (1.35202 1.08089 202.012)
0.00114749    (1.20454 2.23059 201.077)
0.00114842    (0.996344 3.2536 200.274)
0.00114935    (0.745699 4.13401 199.578)
0.00115027    (0.475975 4.87429 198.969)
0.00115119    (0.210121 5.46651 198.438)
0.00115212    (-0.0237665 5.90535 197.996)
0.00115304    (-0.198476 6.19698 197.663)
0.00115397    (-0.302322 6.33732 197.452)
0.0011549     (-0.332828 6.34812 197.424)
0.00115584    (-0.297793 6.27811 197.582)
0.00115679    (-0.211334 6.20585 197.934)
0.00115774    (-0.0646838 6.22782 198.47)
0.00115871    (0.116862 6.40063 199.156)
0.00115967    (0.301798 6.69134 199.945)
0.00116063    (0.421011 7.00503 200.803)
0.00116158    (0.379169 7.2257 201.702)
0.00116253    (0.10318 7.24943 202.608)
0.00116347    (-0.406328 7.0205 203.455)
0.00116441    (-1.06529 6.52375 204.226)
0.00116535    (-1.73561 5.77725 204.879)
0.00116628    (-2.27725 4.81333 205.407)
0.0011672     (-2.58668 3.70473 205.803)
0.00116812    (-2.64094 2.53537 206.063)
0.00116905    (-2.49047 1.42436 206.187)
0.00116996    (-2.22922 0.471429 206.169)
0.00117088    (-1.96164 -0.239447 206.02)
0.0011718     (-1.77759 -0.678905 205.779)
0.00117272    (-1.71858 -0.852292 205.476)
0.00117363    (-1.79512 -0.7976 205.186)
0.00117455    (-1.99055 -0.578236 204.991)
0.00117547    (-2.26812 -0.276895 204.937)
0.00117639    (-2.57996 0.0367573 205.113)
0.00117731    (-2.88139 0.316371 205.468)
0.00117824    (-3.14631 0.531613 205.97)
0.00117917    (-3.32713 0.692146 206.547)
0.00118012    (-3.38216 0.813063 207.111)
0.00118107    (-3.28276 0.907936 207.576)
0.00118202    (-3.02026 0.981169 207.893)
0.00118297    (-2.61056 1.02389 208.043)
0.00118391    (-2.08989 1.01502 208.049)
0.00118485    (-1.50569 0.928818 207.955)
0.00118579    (-0.915547 0.75069 207.821)
0.00118672    (-0.3724 0.475377 207.712)
0.00118766    (0.0835043 0.135016 207.676)
0.0011886     (0.423325 -0.21024 207.743)
0.00118954    (0.648012 -0.48352 207.919)
0.00119049    (0.780392 -0.607358 208.201)
0.00119144    (0.860221 -0.517511 208.571)
0.00119239    (0.947035 -0.194976 209.042)
0.00119334    (1.04705 0.328502 209.587)
0.00119429    (1.18593 1.0111 210.227)
0.00119524    (1.32896 1.76015 211.003)
0.00119619    (1.43328 2.49421 211.894)
0.00119714    (1.45112 3.12673 212.871)
0.00119808    (1.33968 3.57016 213.867)
0.00119903    (1.08257 3.74234 214.795)
0.00119997    (0.683467 3.58821 215.567)
0.00120091    (0.154873 3.0957 216.109)
0.00120185    (-0.474353 2.30874 216.386)
0.00120279    (-1.17222 1.32812 216.434)
0.00120372    (-1.90994 0.288495 216.254)
0.00120465    (-2.658 -0.675086 215.935)
0.00120558    (-3.39454 -1.49947 215.555)
0.0012065     (-4.1248 -2.13256 215.094)
0.00120741    (-4.82575 -2.55889 214.485)
0.00120833    (-5.43774 -2.78499 213.647)
0.00120924    (-5.87084 -2.80825 212.485)
0.00121015    (-6.01726 -2.60812 210.923)
0.00121105    (-5.80023 -2.14288 208.899)
0.00121196    (-5.22434 -1.39298 206.52)
0.00121287    (-4.41065 -0.372666 203.992)
0.00121377    (-3.50639 0.802316 201.602)
0.00121468    (-2.75032 1.97125 199.678)
0.00121559    (-2.35131 3.03194 198.509)
0.00121649    (-2.33553 3.98628 198.354)
0.0012174     (-2.55005 4.9001 199.216)
0.00121832    (-2.66775 5.82443 201.078)
0.00121923    (-2.37589 6.66038 203.744)
0.00122015    (-1.56502 7.16117 206.834)
0.00122107    (-0.428934 7.08238 209.914)
0.00122199    (0.738745 6.29846 212.284)
0.00122291    (1.68098 5.01352 213.905)
0.00122384    (2.30088 3.51995 214.85)
0.00122476    (2.58533 2.18075 215.359)
0.0012257     (2.54502 1.20848 215.64)
0.00122663    (2.19975 0.595644 215.797)
0.00122757    (1.58709 0.212702 215.815)
0.00122851    (0.792999 -0.0767558 215.651)
0.00122945    (0.0106191 -0.354978 215.273)
0.0012304     (-0.576107 -0.683699 214.671)
0.00123134    (-0.806436 -1.11763 213.866)
0.00123229    (-0.617274 -1.70215 212.885)
0.00123324    (-0.0931676 -2.39908 211.858)
0.00123418    (0.575385 -3.09874 210.843)
0.00123512    (1.20049 -3.56669 209.926)
0.00123606    (1.73023 -3.58484 209.098)
0.00123699    (2.18016 -3.04436 208.329)
0.00123792    (2.57244 -1.98877 207.538)
0.00123885    (2.88844 -0.63922 206.76)
0.00123979    (3.06504 0.789121 206.036)
0.00124072    (3.05528 2.06362 205.391)
0.00124165    (2.88035 3.06396 204.829)
0.00124258    (2.58528 3.73442 204.333)
0.00124352    (2.21431 4.0696 203.899)
0.00124445    (1.79926 4.09679 203.553)
0.00124539    (1.36684 3.86281 203.337)
0.00124634    (0.947922 3.42881 203.265)
0.00124728    (0.573885 2.86345 203.377)
0.00124822    (0.261523 2.24821 203.697)
0.00124917    (0.000747597 1.6654 204.222)
0.00125012    (-0.243056 1.17494 204.917)
0.00125107    (-0.51297 0.784898 205.691)
0.00125203    (-0.834745 0.440285 206.416)
0.00125299    (-1.20722 0.0732752 206.975)
0.00125395    (-1.5994 -0.332654 207.256)
0.0012549     (-1.95934 -0.738744 207.186)
0.00125586    (-2.22226 -1.07252 206.732)
0.00125682    (-2.34842 -1.25725 205.879)
0.00125777    (-2.29789 -1.227 204.617)
0.00125873    (-2.05953 -0.915013 202.948)
0.00125969    (-1.63111 -0.284428 200.894)
0.00126065    (-1.03781 0.682157 198.488)
0.00126162    (-0.349144 1.95339 195.804)
0.00126258    (0.321752 3.42605 192.973)
0.00126355    (0.833493 4.97191 190.147)
0.00126451    (1.06693 6.4376 187.47)
0.00126548    (0.977555 7.67633 185.058)
0.00126644    (0.626574 8.57888 183.016)
0.0012674     (0.171737 9.09251 181.379)
0.00126837    (-0.214333 9.23052 180.183)
0.00126933    (-0.355406 9.07052 179.43)
0.0012703     (-0.181424 8.7285 179.1)
0.00127126    (0.244673 8.32294 179.188)
0.00127223    (0.75356 7.90748 179.656)
0.00127319    (1.09523 7.50234 180.384)
0.00127416    (1.08106 7.11778 181.243)
0.00127512    (0.658147 6.78862 182.193)
0.00127608    (-0.148902 6.5663 183.377)
0.00127705    (-1.08063 6.51619 185.031)
0.00127801    (-1.7693 6.68997 187.484)
0.00127898    (-1.86819 7.08049 190.846)
0.00127995    (-1.2444 7.54946 194.887)
0.00128092    (-0.107535 7.79397 199.035)
0.00128189    (1.09968 7.60939 202.869)
0.00128286    (1.88076 7.01164 205.232)
0.00128383    (1.95598 6.20836 206.297)
0.0012848     (1.29851 5.16996 206.09)
0.00128576    (0.0339205 3.91092 204.827)
0.00128673    (-1.54221 2.42527 202.866)
0.0012877     (-3.11045 0.83503 200.643)
0.00128867    (-4.48527 -0.599372 198.612)
0.00128963    (-5.58414 -1.62892 197.07)
0.0012906     (-6.39504 -2.18348 196.166)
0.00129157    (-6.95672 -2.27439 195.844)
0.00129254    (-7.24933 -2.07243 196.174)
0.00129351    (-7.29098 -1.78884 196.972)
0.00129448    (-7.10934 -1.62671 198.217)
0.00129546    (-6.72138 -1.72634 199.81)
0.00129643    (-6.17665 -2.05409 201.63)
0.0012974     (-5.52301 -2.49092 203.523)
0.00129837    (-4.81442 -2.84637 205.298)
0.00129933    (-4.10842 -2.97046 206.774)
0.0013003     (-3.4657 -2.80597 207.859)
0.00130127    (-2.89138 -2.38136 208.515)
0.00130224    (-2.38013 -1.77233 208.802)
0.0013032     (-1.90554 -1.08609 208.808)
0.00130417    (-1.44804 -0.367699 208.605)
0.00130514    (-1.0236 0.360348 208.242)
0.00130611    (-0.664443 1.10226 207.776)
0.00130708    (-0.388352 1.86909 207.25)
0.00130805    (-0.209115 2.66897 206.708)
0.00130902    (-0.145336 3.49518 206.163)
0.00130999    (-0.223258 4.31927 205.668)
0.00131096    (-0.450619 5.07647 205.232)
0.00131193    (-0.827507 5.71861 204.885)
0.0013129     (-1.31583 6.1641 204.625)
0.00131387    (-1.85135 6.33731 204.426)
0.00131484    (-2.35977 6.19407 204.285)
0.00131581    (-2.76603 5.72733 204.153)
0.00131677    (-3.01164 4.98608 203.998)
0.00131774    (-3.06248 4.06111 203.818)
0.00131871    (-2.9281 3.05023 203.633)
0.00131967    (-2.65899 2.02519 203.471)
0.00132063    (-2.31027 1.03519 203.344)
0.00132159    (-1.92641 0.144087 203.221)
0.00132255    (-1.51761 -0.565243 203.107)
0.0013235     (-1.04891 -1.0049 202.855)
0.00132446    (-0.506364 -1.11557 202.501)
0.00132542    (0.118589 -0.906421 202.065)
0.00132637    (0.759939 -0.422912 201.605)
0.00132733    (1.32808 0.207635 201.195)
0.00132828    (1.74611 0.878343 200.919)
0.00132924    (1.97133 1.51055 200.848)
0.0013302     (1.99475 2.05596 201.027)
0.00133116    (1.84246 2.47081 201.459)
0.00133212    (1.57117 2.69777 202.073)
0.00133308    (1.2551 2.64956 202.819)
0.00133405    (0.932945 2.2453 203.53)
0.00133501    (0.626277 1.45381 204.059)
0.00133598    (0.325185 0.337923 204.312)
0.00133694    (0.0124589 -0.895139 204.278)
0.00133791    (-0.327115 -2.01023 204.072)
0.00133887    (-0.681919 -2.82538 203.809)
0.00133983    (-1.03459 -3.26467 203.603)
0.0013408     (-1.36232 -3.37266 203.545)
0.00134176    (-1.64106 -3.26817 203.678)
0.00134272    (-1.8561 -3.09392 204.008)
0.00134368    (-1.99926 -2.97068 204.507)
0.00134464    (-2.06104 -2.97182 205.116)
0.0013456     (-2.02278 -3.10951 205.756)
0.00134656    (-1.85759 -3.34706 206.343)
0.00134753    (-1.54184 -3.62429 206.81)
0.00134849    (-1.06366 -3.88314 207.119)
0.00134945    (-0.437013 -4.08445 207.267)
0.00135041    (0.288392 -4.21881 207.281)
0.00135138    (1.03485 -4.28863 207.229)
0.00135234    (1.69566 -4.31035 207.13)
0.00135331    (2.21298 -4.26043 207.04)
0.00135428    (2.52591 -4.13051 206.938)
0.00135525    (2.58722 -3.91003 206.771)
0.00135622    (2.3995 -3.5957 206.479)
0.00135719    (1.98811 -3.19316 206.016)
0.00135816    (1.4061 -2.7045 205.366)
0.00135913    (0.718143 -2.14755 204.538)
0.0013601     (-0.0115084 -1.54608 203.564)
0.00136107    (-0.718232 -0.929144 202.478)
0.00136204    (-1.34098 -0.327252 201.335)
0.00136301    (-1.8447 0.225346 200.191)
0.00136398    (-2.22002 0.699954 199.118)
0.00136494    (-2.454 1.07805 198.176)
0.0013659     (-2.55327 1.35297 197.407)
0.00136686    (-2.51814 1.5266 196.828)
0.00136782    (-2.35437 1.60913 196.433)
0.00136878    (-2.06408 1.62019 196.196)
0.00136973    (-1.65208 1.57862 196.083)
0.00137069    (-1.13371 1.51311 196.061)
0.00137165    (-0.540684 1.45668 196.111)
0.0013726     (0.0749646 1.44567 196.232)
0.00137356    (0.653168 1.48926 196.406)
0.00137451    (1.14491 1.57772 196.667)
0.00137547    (1.53015 1.69564 197.002)
0.00137642    (1.81016 1.83017 197.412)
0.00137738    (2.00279 1.97279 197.889)
0.00137833    (2.13113 2.12101 198.419)
0.00137929    (2.21792 2.27489 198.991)
0.00138025    (2.28347 2.44184 199.607)
0.0013812     (2.34298 2.62855 200.275)
0.00138216    (2.40602 2.83622 201.013)
0.00138312    (2.47091 3.05756 201.833)
0.00138408    (2.52411 3.26715 202.738)
0.00138504    (2.53682 3.41683 203.706)
0.001386      (2.47972 3.44052 204.679)
0.00138696    (2.3286 3.27163 205.571)
0.00138792    (2.07605 2.87106 206.288)
0.00138888    (1.74271 2.23313 206.809)
0.00138984    (1.36616 1.44699 207.07)
0.0013908     (0.990997 0.596713 207.189)
0.00139176    (0.643598 -0.210632 207.244)
0.00139272    (0.331784 -0.879534 207.294)
0.00139368    (0.072802 -1.35824 207.352)
0.00139464    (-0.0969668 -1.64674 207.368)
0.00139559    (-0.126225 -1.77153 207.29)
0.00139655    (0.019934 -1.76579 207.087)
0.0013975     (0.349623 -1.66857 206.758)
0.00139846    (0.853411 -1.52287 206.317)
0.00139941    (1.50659 -1.37151 205.797)
0.00140037    (2.27602 -1.24899 205.233)
0.00140132    (3.11302 -1.16979 204.656)
0.00140227    (3.94923 -1.12578 204.09)
0.00140323    (4.7064 -1.09044 203.549)
0.00140418    (5.31322 -1.03471 203.041)
0.00140514    (5.71634 -0.935164 202.562)
0.0014061     (5.88784 -0.784608 202.1)
0.00140705    (5.83043 -0.604469 201.641)
0.00140801    (5.56489 -0.439128 201.155)
0.00140897    (5.12367 -0.331603 200.63)
0.00140993    (4.54301 -0.301934 200.063)
0.00141089    (3.86513 -0.34641 199.451)
0.00141184    (3.14485 -0.443524 198.791)
0.0014128     (2.45955 -0.557745 198.074)
0.00141376    (1.91773 -0.641866 197.346)
0.00141473    (1.65362 -0.653909 196.656)
0.00141569    (1.76886 -0.570377 196.078)
0.00141665    (2.29353 -0.371366 195.701)
0.00141761    (3.1677 -0.0525752 195.522)
0.00141858    (4.27075 0.3707 195.48)
0.00141955    (5.45359 0.864564 195.499)
0.00142051    (6.53479 1.38728 195.516)
0.00142148    (7.32686 1.90252 195.507)
0.00142244    (7.72344 2.36363 195.463)
0.0014234     (7.67975 2.74366 195.478)
0.00142437    (7.24365 3.02853 195.608)
0.00142533    (6.53273 3.22921 195.977)
0.0014263     (5.68086 3.377 196.697)
0.00142727    (4.81493 3.49689 197.835)
0.00142823    (4.04324 3.59632 199.403)
0.0014292     (3.43396 3.61989 201.331)
0.00143016    (3.0257 3.45285 203.45)
0.00143113    (2.82458 2.97303 205.51)
0.0014321     (2.79699 2.12002 207.346)
0.00143306    (2.83005 0.958966 208.698)
0.00143403    (2.82351 -0.321953 209.672)
0.00143499    (2.71671 -1.44891 210.346)
0.00143594    (2.51935 -2.31326 210.846)
0.0014369     (2.25682 -2.87146 211.266)
0.00143785    (1.94636 -3.17616 211.664)
0.0014388     (1.59608 -3.28716 212.05)
0.00143975    (1.20119 -3.24816 212.425)
0.0014407     (0.742732 -3.08628 212.766)
0.00144165    (0.199722 -2.81953 213.047)
0.0014426     (-0.440351 -2.47596 213.241)
0.00144354    (-1.16443 -2.07303 213.319)
0.00144449    (-1.93707 -1.63553 213.288)
0.00144544    (-2.71083 -1.20211 213.151)
0.00144639    (-3.42833 -0.818305 212.937)
0.00144733    (-4.04499 -0.522997 212.695)
0.00144827    (-4.54186 -0.343417 212.477)
0.0014492     (-4.92619 -0.293725 212.341)
0.00145013    (-5.22327 -0.376833 212.333)
0.00145105    (-5.47138 -0.587858 212.486)
0.00145197    (-5.69112 -0.920731 212.794)
0.00145289    (-5.87898 -1.36113 213.21)
0.00145381    (-6.00423 -1.8875 213.624)
0.00145473    (-6.02733 -2.47713 213.932)
0.00145565    (-5.90295 -3.08187 214.037)
0.00145657    (-5.59249 -3.63264 213.861)
0.00145749    (-5.06467 -4.05112 213.363)
0.00145841    (-4.28078 -4.24074 212.537)
0.00145934    (-3.22822 -4.10384 211.411)
0.00146026    (-1.93063 -3.55845 210.053)
0.00146119    (-0.461997 -2.56866 208.593)
0.00146213    (1.04606 -1.18396 207.124)
0.00146306    (2.46486 0.511145 205.772)
0.001464      (3.71375 2.44883 204.542)
0.00146495    (4.73807 4.42638 203.445)
0.00146589    (5.43865 6.19562 202.527)
0.00146685    (5.65488 7.47732 201.856)
0.00146781    (5.27308 8.18074 201.673)
0.00146877    (4.29565 8.33724 202.183)
0.00146973    (2.88677 8.06701 203.418)
0.0014707     (1.30817 7.45368 205.226)
0.00147168    (-0.0615458 6.43352 207.218)
0.00147265    (-1.17674 4.93792 208.668)
0.00147362    (-2.01177 3.15095 209.502)
0.00147459    (-2.63819 1.43625 209.814)
0.00147556    (-3.06886 0.0674718 209.875)
0.00147653    (-3.2925 -0.852908 209.823)
0.0014775     (-3.32791 -1.52638 209.653)
0.00147847    (-3.19186 -2.17196 209.307)
0.00147944    (-2.86768 -2.89151 208.73)
0.00148041    (-2.33478 -3.69667 207.935)
0.00148139    (-1.59889 -4.55305 206.995)
0.00148236    (-0.701153 -5.41601 206.036)
0.00148333    (0.30056 -6.23564 205.179)
0.0014843     (1.3429 -6.95038 204.461)
0.00148527    (2.38639 -7.52388 203.906)
0.00148624    (3.40852 -7.93373 203.442)
0.0014872     (4.38089 -8.17283 202.961)
0.00148816    (5.23104 -8.22838 202.391)
0.00148912    (5.88403 -8.09119 201.681)
0.00149008    (6.26783 -7.76206 200.806)
0.00149103    (6.32421 -7.26189 199.804)
0.00149199    (6.01253 -6.641 198.717)
0.00149295    (5.37842 -5.9685 197.678)
0.00149391    (4.48847 -5.34119 196.841)
0.00149486    (3.53237 -4.83407 196.354)
0.00149581    (2.70181 -4.51033 196.292)
0.00149676    (2.15446 -4.39368 196.654)
0.00149771    (1.91289 -4.47012 197.325)
0.00149867    (1.9556 -4.63 198.14)
0.00149962    (2.13571 -4.78288 198.902)
0.00150058    (2.44923 -4.83632 199.536)
0.00150155    (2.90224 -4.71406 199.837)
0.00150252    (3.52858 -4.37124 199.799)
0.00150349    (4.30552 -3.7993 199.587)
0.00150447    (5.12074 -3.01369 199.213)
0.00150545    (5.7808 -2.06213 198.827)
0.00150643    (6.09765 -1.01155 198.465)
0.00150741    (5.98609 0.0702943 198.236)
0.00150839    (5.49252 1.13926 198.146)
0.00150937    (4.76951 2.18148 198.173)
0.00151035    (3.8988 3.24008 198.279)
0.00151133    (2.95076 4.2523 198.377)
0.0015123     (1.94594 5.20333 198.405)
0.00151328    (0.897924 6.01107 198.328)
0.00151425    (-0.157688 6.57121 198.151)
0.00151522    (-1.19412 6.81502 197.935)
0.00151618    (-2.10908 6.75884 197.762)
0.00151715    (-2.77609 6.46148 197.722)
0.00151812    (-3.0958 5.94282 197.892)
0.00151909    (-3.06136 5.19968 198.265)
0.00152006    (-2.70055 4.25725 198.763)
0.00152103    (-2.12529 3.18431 199.269)
0.001522      (-1.45355 2.08939 199.657)
0.00152297    (-0.782876 1.09095 199.818)
0.00152394    (-0.16184 0.277181 199.659)
0.00152491    (0.415863 -0.304809 199.171)
0.00152588    (1.01102 -0.649343 198.418)
0.00152685    (1.70692 -0.796459 197.522)
0.00152782    (2.5572 -0.795029 196.638)
0.00152878    (3.56264 -0.681771 195.904)
0.00152974    (4.64838 -0.478734 195.416)
0.0015307     (5.72433 -0.204371 195.197)
0.00153167    (6.65957 0.139155 195.189)
0.00153262    (7.33404 0.532511 195.367)
0.00153358    (7.6695 0.984973 195.627)
0.00153454    (7.64754 1.46998 195.905)
0.0015355     (7.30602 1.97492 196.159)
0.00153646    (6.71899 2.50688 196.36)
0.00153742    (5.97922 3.08902 196.548)
0.00153838    (5.18336 3.73568 196.787)
0.00153935    (4.44268 4.45468 197.139)
0.00154031    (3.87722 5.19742 197.625)
0.00154127    (3.56802 5.86877 198.19)
0.00154223    (3.56402 6.33695 198.753)
0.00154319    (3.79429 6.50876 199.215)
0.00154414    (4.15898 6.37364 199.553)
0.0015451     (4.56598 6.05654 199.774)
0.00154605    (4.96462 5.70102 199.919)
0.001547      (5.34847 5.46915 200.041)
0.00154794    (5.732 5.44133 200.181)
0.00154889    (6.12199 5.62018 200.378)
0.00154984    (6.48404 5.9229 200.642)
0.00155079    (6.73648 6.22648 200.966)
0.00155174    (6.78343 6.38772 201.323)
0.0015527     (6.56972 6.26561 201.686)
0.00155365    (6.12701 5.78655 202.04)
0.00155461    (5.562 4.95004 202.388)
0.00155556    (5.00784 3.83777 202.734)
0.00155652    (4.54846 2.58992 203.083)
0.00155748    (4.18582 1.37036 203.435)
0.00155845    (3.86079 0.319175 203.792)
0.00155941    (3.4915 -0.493107 204.152)
0.00156038    (3.05537 -1.09444 204.504)
0.00156134    (2.53573 -1.55753 204.837)
0.00156231    (1.99447 -2.01325 205.172)
0.00156327    (1.49899 -2.47766 205.52)
0.00156424    (1.1032 -2.89972 205.896)
0.00156521    (0.810381 -3.18159 206.313)
0.00156617    (0.6209 -3.23489 206.75)
0.00156714    (0.475926 -3.01843 207.198)
0.00156811    (0.325436 -2.54277 207.643)
0.00156908    (0.144388 -1.88228 208.091)
0.00157005    (-0.0727721 -1.16177 208.582)
0.00157102    (-0.313216 -0.522816 209.144)
0.00157199    (-0.552637 -0.0780519 209.804)
0.00157296    (-0.764417 0.103484 210.606)
0.00157393    (-0.914272 0.0180917 211.521)
0.00157489    (-0.965497 -0.28864 212.531)
0.00157586    (-0.884189 -0.733454 213.591)
0.00157683    (-0.653876 -1.23053 214.645)
0.0015778     (-0.286034 -1.68811 215.662)
0.00157877    (0.187094 -2.03835 216.621)
0.00157974    (0.707896 -2.23952 217.503)
0.00158071    (1.21508 -2.25912 218.294)
0.00158168    (1.65268 -2.10613 218.975)
0.00158265    (1.98218 -1.80695 219.522)
0.00158362    (2.18515 -1.38941 219.909)
0.00158459    (2.25832 -0.881623 220.13)
0.00158556    (2.2162 -0.317596 220.168)
0.00158653    (2.08896 0.241946 220.034)
0.0015875     (1.91648 0.746732 219.753)
0.00158847    (1.74529 1.14975 219.342)
0.00158944    (1.63013 1.42637 218.817)
0.00159041    (1.61667 1.5796 218.188)
0.00159138    (1.72384 1.62613 217.462)
0.00159236    (1.92763 1.56713 216.643)
0.00159333    (2.16435 1.36151 215.72)
0.0015943     (2.33313 0.938166 214.688)
0.00159527    (2.33704 0.247196 213.558)
0.00159624    (2.13216 -0.721006 212.41)
0.00159721    (1.73806 -1.89916 211.369)
0.00159818    (1.22291 -3.1766 210.556)
0.00159915    (0.661771 -4.45116 210.042)
0.00160012    (0.12053 -5.62729 209.811)
0.00160108    (-0.367313 -6.6316 209.774)
0.00160204    (-0.802754 -7.40303 209.821)
0.001603      (-1.21013 -7.89219 209.838)
0.00160395    (-1.61249 -8.07244 209.752)
0.0016049     (-2.02064 -7.94993 209.525)
0.00160585    (-2.43934 -7.55933 209.172)
0.0016068     (-2.87649 -6.97436 208.758)
0.00160774    (-3.34887 -6.28475 208.383)
0.00160869    (-3.88196 -5.59219 208.107)
0.00160963    (-4.50717 -4.98307 208.098)
0.00161058    (-5.24625 -4.50353 208.334)
0.00161153    (-6.09322 -4.14631 208.811)
0.00161249    (-6.98235 -3.87988 209.466)
0.00161345    (-7.81527 -3.64838 210.208)
0.00161441    (-8.42858 -3.41016 210.917)
0.00161537    (-8.65026 -3.14764 211.459)
0.00161634    (-8.33065 -2.89491 211.686)
0.0016173     (-7.39074 -2.68944 211.369)
0.00161826    (-5.894 -2.56081 210.565)
0.00161923    (-4.04173 -2.54819 209.427)
0.00162019    (-2.04047 -2.63749 208.252)
0.00162115    (-0.203784 -2.76857 207.306)
0.00162211    (1.24544 -2.89131 206.724)
0.00162307    (2.19976 -2.97374 206.642)
0.00162403    (2.6378 -3.05653 206.926)
0.00162499    (2.61981 -3.18307 207.408)
0.00162596    (2.25306 -3.35442 207.932)
0.00162692    (1.70454 -3.52671 208.4)
0.00162788    (1.09327 -3.66095 208.768)
0.00162885    (0.548496 -3.71979 209.027)
0.00162982    (0.103205 -3.67545 209.149)
0.00163079    (-0.272869 -3.50194 209.076)
0.00163176    (-0.640595 -3.17656 208.728)
0.00163273    (-1.05087 -2.6894 208.027)
0.0016337     (-1.51939 -2.05613 206.915)
0.00163467    (-2.03545 -1.29068 205.385)
0.00163564    (-2.55552 -0.431887 203.51)
0.00163661    (-3.0108 0.462035 201.428)
0.00163758    (-3.36068 1.31619 199.346)
0.00163855    (-3.61024 2.06802 197.46)
0.00163952    (-3.7756 2.66595 195.948)
0.00164049    (-3.88436 3.08609 194.954)
0.00164146    (-3.9563 3.31405 194.538)
0.00164243    (-4.04826 3.31115 194.764)
0.0016434     (-4.23054 3.09224 195.611)
0.00164437    (-4.59478 2.68082 196.973)
0.00164534    (-5.22497 2.13008 198.756)
0.00164631    (-6.06942 1.52275 200.769)
0.00164729    (-6.94375 0.936962 202.749)
0.00164826    (-7.54451 0.368967 204.382)
0.00164923    (-7.62942 -0.202756 205.543)
0.00165021    (-7.14731 -0.807646 206.039)
0.00165118    (-6.23109 -1.47315 205.876)
0.00165216    (-5.0374 -2.21327 205.474)
0.00165313    (-3.79235 -2.93606 204.95)
0.00165411    (-2.65795 -3.5875 204.412)
0.00165508    (-1.68128 -4.13922 203.876)
0.00165605    (-0.84103 -4.54932 203.298)
0.00165702    (-0.0746204 -4.78414 202.635)
0.001658      (0.660145 -4.80573 201.881)
0.00165897    (1.40743 -4.60961 201.058)
0.00165994    (2.18612 -4.24096 200.216)
0.00166091    (2.98607 -3.757 199.415)
0.00166187    (3.77175 -3.23468 198.711)
0.00166284    (4.50168 -2.75499 198.165)
0.00166381    (5.15182 -2.37138 197.853)
0.00166478    (5.72039 -2.12311 197.881)
0.00166575    (6.20932 -2.05093 198.346)
0.00166671    (6.59296 -2.20175 199.355)
0.00166768    (6.85041 -2.59575 200.968)
0.00166864    (6.87548 -3.20792 203.137)
0.00166961    (6.57071 -3.94027 205.634)
0.00167057    (5.90042 -4.59242 208.162)
0.00167153    (4.94063 -4.98342 210.339)
0.00167249    (3.84131 -4.9984 211.811)
0.00167345    (2.76084 -4.6265 212.545)
0.00167441    (1.74816 -3.96394 212.656)
0.00167536    (0.81793 -3.1496 212.381)
0.00167631    (-0.0780396 -2.31905 212.001)
0.00167727    (-0.999716 -1.63842 211.695)
0.00167822    (-1.96491 -1.23005 211.672)
0.00167917    (-2.96272 -1.13076 211.893)
0.00168012    (-3.91403 -1.25542 212.315)
0.00168108    (-4.72648 -1.47498 212.842)
0.00168203    (-5.31159 -1.67907 213.369)
0.00168299    (-5.60525 -1.79041 213.834)
0.00168395    (-5.59329 -1.78124 214.074)
0.00168491    (-5.29122 -1.60677 214.064)
0.00168587    (-4.75599 -1.29862 213.843)
0.00168683    (-4.04813 -0.918302 213.405)
0.00168779    (-3.25764 -0.549021 212.802)
0.00168875    (-2.44469 -0.276869 212.072)
0.00168971    (-1.64159 -0.160979 211.249)
0.00169066    (-0.853187 -0.220439 210.336)
0.00169162    (-0.0727958 -0.426578 209.32)
0.00169258    (0.71065 -0.733867 208.185)
0.00169353    (1.47193 -1.0636 206.934)
0.00169448    (2.20302 -1.30837 205.648)
0.00169544    (2.87616 -1.4112 204.413)
0.00169639    (3.43828 -1.38738 203.294)
0.00169734    (3.86416 -1.28847 202.331)
0.00169829    (4.12264 -1.16252 201.518)
0.00169924    (4.20203 -1.03717 200.921)
0.00170019    (4.07376 -0.898401 200.488)
0.00170114    (3.75697 -0.697687 200.203)
0.00170209    (3.30203 -0.395948 200.037)
0.00170304    (2.79563 0.00418507 199.965)
0.00170398    (2.351 0.464575 199.966)
0.00170493    (2.05693 0.922755 200.014)
0.00170587    (1.93687 1.32503 200.119)
0.00170681    (1.9365 1.63955 200.167)
0.00170775    (2.01098 1.86936 200.168)
0.00170868    (2.0772 2.001 200.081)
0.00170962    (2.06324 2.02802 199.867)
0.00171056    (1.94351 1.92941 199.513)
0.0017115     (1.73102 1.67842 199.016)
0.00171243    (1.46061 1.25265 198.388)
0.00171337    (1.18019 0.647046 197.655)
0.00171431    (0.941068 -0.121951 196.849)
0.00171525    (0.791714 -1.00565 196.015)
0.00171619    (0.770061 -1.93153 195.183)
0.00171713    (0.892753 -2.81233 194.393)
0.00171807    (1.1492 -3.58066 193.681)
0.00171902    (1.52763 -4.18289 193.078)
0.00171996    (2.01867 -4.59914 192.644)
0.00172091    (2.61822 -4.81641 192.409)
0.00172186    (3.31321 -4.83702 192.486)
0.00172281    (4.09223 -4.70242 192.864)
0.00172377    (4.88985 -4.46641 193.517)
0.00172472    (5.57883 -4.20635 194.396)
0.00172568    (5.98877 -4.01308 195.41)
0.00172664    (5.96153 -3.94974 196.474)
0.0017276     (5.43942 -4.01906 197.516)
0.00172856    (4.51753 -4.14901 198.504)
0.00172952    (3.40083 -4.22896 199.431)
0.00173048    (2.32846 -4.156 200.294)
0.00173145    (1.40246 -3.8568 201.109)
0.00173241    (0.669257 -3.30458 201.9)
0.00173337    (0.0884778 -2.53259 202.692)
0.00173434    (-0.41191 -1.62208 203.521)
0.0017353     (-0.896721 -0.67166 204.426)
0.00173627    (-1.40652 0.216837 205.424)
0.00173723    (-1.96346 1.01195 206.524)
0.0017382     (-2.57716 1.68702 207.693)
0.00173915    (-3.23215 2.23581 208.886)
0.00174011    (-3.89595 2.66368 210.046)
0.00174105    (-4.52502 2.98196 211.1)
0.00174199    (-5.09219 3.19589 211.974)
0.00174292    (-5.5739 3.31257 212.603)
0.00174384    (-5.96481 3.31578 212.936)
0.00174476    (-6.2763 3.20035 212.975)
0.00174568    (-6.52654 2.96043 212.74)
0.00174659    (-6.72908 2.59829 212.283)
0.0017475     (-6.88808 2.12985 211.669)
0.0017484     (-6.99884 1.58501 210.97)
0.00174931    (-7.04609 0.998194 210.231)
0.00175021    (-7.00989 0.395033 209.477)
0.00175111    (-6.8671 -0.230732 208.731)
0.00175202    (-6.60063 -0.924645 207.983)
0.00175292    (-6.22489 -1.72045 207.248)
0.00175381    (-5.78784 -2.62923 206.537)
0.00175471    (-5.3584 -3.63626 205.852)
0.0017556     (-4.99871 -4.68126 205.185)
0.00175651    (-4.74814 -5.67547 204.533)
0.00175744    (-4.63265 -6.5153 203.899)
0.00175839    (-4.64509 -7.11114 203.299)
0.00175936    (-4.74487 -7.42091 202.752)
0.00176033    (-4.87183 -7.48225 202.242)
0.0017613     (-4.97684 -7.36718 201.719)
0.00176227    (-5.03998 -7.14877 201.132)
0.00176324    (-5.07586 -6.89476 200.445)
0.00176421    (-5.12285 -6.65913 199.65)
0.00176518    (-5.22739 -6.48377 198.784)
0.00176614    (-5.42474 -6.39966 197.907)
0.00176711    (-5.72704 -6.42583 197.092)
0.00176807    (-6.11985 -6.57187 196.401)
0.00176903    (-6.57142 -6.83727 195.869)
0.00176999    (-7.04159 -7.20835 195.498)
0.00177095    (-7.48853 -7.66829 195.259)
0.00177191    (-7.87224 -8.19364 195.109)
0.00177286    (-8.1498 -8.74322 195)
0.00177382    (-8.27015 -9.27758 194.884)
0.00177477    (-8.17355 -9.72689 194.719)
0.00177573    (-7.78985 -10.0207 194.477)
0.00177669    (-7.04639 -10.103 194.156)
0.00177765    (-5.8779 -9.92578 193.792)
0.00177862    (-4.29106 -9.51837 193.493)
0.0017796     (-2.37158 -8.92643 193.418)
0.00178057    (-0.383539 -8.30407 193.99)
0.00178155    (1.25336 -7.77763 195.288)
0.00178252    (2.20303 -7.52577 197.526)
0.0017835     (2.33269 -7.54174 200.592)
0.00178448    (1.83662 -7.71636 204.127)
0.00178546    (1.12533 -7.87266 207.662)
0.00178644    (0.61215 -7.77134 210.836)
0.00178741    (0.424302 -7.35181 213.448)
0.00178839    (0.544302 -6.58134 215.124)
0.00178937    (0.873967 -5.58364 216.119)
0.00179035    (1.22915 -4.50329 216.481)
0.00179133    (1.49514 -3.51478 216.362)
0.0017923     (1.63401 -2.71249 215.887)
0.00179327    (1.63987 -2.11778 215.161)
0.00179424    (1.50911 -1.72626 214.286)
0.00179521    (1.22874 -1.49255 213.353)
0.00179617    (0.787021 -1.33657 212.444)
0.00179714    (0.19855 -1.17179 211.625)
0.00179811    (-0.491536 -0.937369 210.911)
0.00179907    (-1.20938 -0.610486 210.296)
0.00180004    (-1.87183 -0.216322 209.754)
0.00180101    (-2.41992 0.205964 209.245)
0.00180198    (-2.82851 0.605489 208.75)
0.00180295    (-3.10124 0.946759 208.272)
0.00180392    (-3.27054 1.21857 207.838)
0.00180489    (-3.38739 1.42594 207.49)
0.00180586    (-3.49877 1.57586 207.266)
0.00180683    (-3.63563 1.65653 207.189)
0.0018078     (-3.80565 1.65701 207.262)
0.00180876    (-3.99636 1.56182 207.436)
0.00180973    (-4.17285 1.33071 207.711)
0.0018107     (-4.31829 0.945408 207.98)
0.00181167    (-4.41529 0.417404 208.196)
0.00181264    (-4.47071 -0.207412 208.317)
0.0018136     (-4.51681 -0.850853 208.332)
0.00181457    (-4.59605 -1.44152 208.208)
0.00181553    (-4.74178 -1.93023 207.949)
0.0018165     (-4.95941 -2.28111 207.517)
0.00181746    (-5.22729 -2.45055 206.867)
0.00181843    (-5.51013 -2.39886 205.972)
0.00181939    (-5.7695 -2.08214 204.798)
0.00182036    (-5.93041 -1.47837 203.363)
0.00182133    (-5.93091 -0.60829 201.708)
0.00182229    (-5.7393 0.464013 199.948)
0.00182326    (-5.3886 1.62649 198.232)
0.00182423    (-4.9787 2.75686 196.691)
0.00182519    (-4.6368 3.7652 195.426)
0.00182615    (-4.42788 4.61415 194.478)
0.00182711    (-4.35365 5.30455 193.855)
0.00182807    (-4.38305 5.84096 193.546)
0.00182902    (-4.45698 6.23105 193.598)
0.00182998    (-4.54432 6.43997 194.088)
0.00183093    (-4.61883 6.4652 195.013)
0.00183189    (-4.67705 6.35343 196.41)
0.00183284    (-4.72093 6.20011 198.226)
0.0018338     (-4.71974 6.12249 200.32)
0.00183475    (-4.64299 6.20952 202.467)
0.00183571    (-4.48116 6.46429 204.42)
0.00183667    (-4.24801 6.86031 206.015)
0.00183763    (-3.99845 7.3098 207.08)
0.00183859    (-3.81077 7.72061 207.665)
0.00183956    (-3.72528 8.03469 207.798)
0.00184052    (-3.73806 8.22396 207.546)
0.00184149    (-3.805 8.29245 206.975)
0.00184246    (-3.8728 8.26426 206.142)
0.00184343    (-3.89908 8.17528 205.097)
0.00184439    (-3.86105 8.05849 203.887)
0.00184536    (-3.75917 7.93909 202.555)
0.00184633    (-3.61912 7.83043 201.155)
0.0018473     (-3.48921 7.73429 199.747)
0.00184827    (-3.42869 7.63322 198.404)
0.00184924    (-3.49136 7.49916 197.177)
0.0018502     (-3.72083 7.29925 196.081)
0.00185117    (-4.15098 7.01338 195.099)
0.00185213    (-4.81039 6.63268 194.185)
0.00185309    (-5.70797 6.1653 193.297)
0.00185406    (-6.81839 5.64265 192.407)
0.00185502    (-8.0348 5.09813 191.497)
0.00185598    (-9.19597 4.55144 190.593)
0.00185694    (-10.078 4.00098 189.741)
0.00185789    (-10.491 3.41558 189.003)
0.00185885    (-10.3304 2.76451 188.468)
0.00185981    (-9.66061 2.01497 188.253)
0.00186077    (-8.69121 1.13397 188.537)
0.00186173    (-7.73243 0.115019 189.364)
0.00186269    (-7.03668 -1.068 190.691)
0.00186364    (-6.59127 -2.30301 192.283)
0.0018646     (-6.16696 -3.37488 193.832)
0.00186557    (-5.47855 -3.98942 194.958)
0.00186653    (-4.39071 -3.94546 195.475)
0.00186749    (-2.9984 -3.16164 195.154)
0.00186846    (-1.40504 -1.87505 194.23)
0.00186942    (0.17044 -0.33622 193.217)
0.00187039    (1.48972 1.07454 192.493)
0.00187136    (2.38602 2.15242 192.283)
0.00187233    (2.81274 2.84966 192.756)
0.0018733     (2.87712 3.19717 193.731)
0.00187428    (2.82162 3.20995 195.05)
0.00187525    (2.82083 2.96404 196.438)
0.00187623    (2.95416 2.56995 197.727)
0.0018772     (3.25798 2.16631 198.631)
0.00187817    (3.7063 1.80928 199.19)
0.00187914    (4.25351 1.5291 199.509)
0.00188011    (4.84327 1.30269 199.715)
0.00188108    (5.425 1.07868 199.964)
0.00188205    (5.93736 0.791031 200.472)
0.00188302    (6.31442 0.388539 201.321)
0.00188398    (6.48747 -0.170303 202.557)
0.00188495    (6.37293 -0.828222 204.112)
0.00188592    (5.89787 -1.48137 205.862)
0.00188688    (5.03363 -2.01919 207.641)
0.00188785    (3.81612 -2.36957 209.363)
0.00188881    (2.38286 -2.50875 210.877)
0.00188977    (0.836595 -2.4395 212.104)
0.00189074    (-0.648685 -2.16174 213.094)
0.0018917     (-1.93783 -1.65791 213.794)
0.00189266    (-2.94235 -0.929454 214.237)
0.00189362    (-3.62722 -0.0224404 214.482)
0.00189458    (-4.01555 0.978104 214.595)
0.00189555    (-4.1537 1.9537 214.67)
0.00189651    (-4.08538 2.77504 214.758)
0.00189747    (-3.8672 3.33339 214.857)
0.00189843    (-3.56961 3.56155 214.916)
0.0018994     (-3.31066 3.43772 214.872)
0.00190036    (-3.23056 3.02012 214.682)
0.00190132    (-3.44142 2.38926 214.35)
0.00190229    (-3.93912 1.63544 213.916)
0.00190325    (-4.57712 0.812448 213.425)
0.00190422    (-5.14985 -0.0237966 212.895)
0.00190519    (-5.46659 -0.751185 212.328)
0.00190615    (-5.43313 -1.25172 211.696)
0.00190712    (-5.03051 -1.36366 210.945)
0.00190809    (-4.30945 -1.01797 210.023)
0.00190906    (-3.39391 -0.267892 208.923)
0.00191002    (-2.39905 0.664217 207.787)
0.00191098    (-1.48087 1.63664 206.785)
0.00191194    (-0.742513 2.52675 206.048)
0.00191289    (-0.187021 3.36628 205.581)
0.00191385    (0.255351 4.18466 205.324)
0.0019148     (0.680169 4.97254 205.203)
0.00191575    (1.16237 5.70373 205.177)
0.00191669    (1.74699 6.34456 205.23)
0.00191764    (2.44824 6.8606 205.324)
0.00191858    (3.24398 7.22131 205.532)
0.00191952    (4.08995 7.39014 205.83)
0.00192047    (4.93805 7.355 206.252)
0.00192141    (5.73162 7.13404 206.803)
0.00192235    (6.44905 6.75289 207.458)
0.0019233     (7.05033 6.24951 208.137)
0.00192424    (7.51908 5.67099 208.756)
0.00192519    (7.83892 5.07044 209.249)
0.00192614    (7.98594 4.50198 209.586)
0.00192708    (7.9323 4.03033 209.736)
0.00192802    (7.65577 3.69811 209.678)
0.00192896    (7.13944 3.51881 209.451)
0.0019299     (6.40388 3.4356 209.093)
0.00193083    (5.49626 3.40015 208.621)
0.00193176    (4.48302 3.30293 208.101)
0.00193269    (3.4509 3.04458 207.584)
0.00193362    (2.48009 2.59064 207.092)
0.00193456    (1.63174 1.96874 206.64)
0.00193549    (0.95612 1.24987 206.215)
0.00193643    (0.502767 0.50817 205.805)
0.00193737    (0.274948 -0.188998 205.535)
0.00193832    (0.267121 -0.789648 205.33)
0.00193926    (0.448818 -1.25086 205.28)
0.00194019    (0.787677 -1.61163 205.443)
0.00194112    (1.24589 -1.90639 205.827)
0.00194205    (1.77504 -2.17793 206.42)
0.00194297    (2.32956 -2.46872 207.175)
0.00194389    (2.88797 -2.80045 208.032)
0.00194481    (3.40821 -3.149 208.941)
0.00194573    (3.93495 -3.46162 209.67)
0.00194665    (4.4523 -3.6912 210.205)
0.00194758    (4.97673 -3.78822 210.429)
0.00194851    (5.50032 -3.69892 210.267)
0.00194944    (6.02221 -3.38258 209.676)
0.00195038    (6.52496 -2.7624 208.657)
0.00195133    (6.99314 -1.83095 207.279)
0.00195227    (7.39992 -0.624803 205.625)
0.00195322    (7.68608 0.762715 203.868)
0.00195415    (7.81452 2.21836 202.197)
0.00195509    (7.7729 3.62632 200.76)
0.00195602    (7.57844 4.92537 199.693)
0.00195695    (7.28962 6.09473 199.002)
0.00195789    (6.97129 7.10636 198.647)
0.00195882    (6.68668 7.93655 198.553)
0.00195976    (6.48893 8.54546 198.653)
0.00196071    (6.40864 8.91199 198.948)
0.00196166    (6.41248 9.03438 199.4)
0.00196261    (6.45047 8.91401 200.008)
0.00196357    (6.43952 8.57183 200.761)
0.00196453    (6.30228 8.0053 201.597)
0.0019655     (6.01475 7.20925 202.46)
0.00196647    (5.60058 6.22264 203.297)
0.00196745    (5.11671 5.12081 204.124)
0.00196842    (4.66836 4.05429 204.917)
0.00196939    (4.39683 3.20191 205.771)
0.00197035    (4.39266 2.69135 206.691)
0.00197132    (4.69277 2.53972 207.608)
0.00197229    (5.23323 2.63981 208.512)
0.00197326    (5.88998 2.80005 209.304)
0.00197423    (6.4943 2.8235 209.951)
0.0019752     (6.9264 2.56863 210.432)
0.00197616    (7.13505 1.98483 210.719)
0.00197713    (7.12266 1.07254 210.82)
0.0019781     (6.9312 -0.0788829 210.8)
0.00197906    (6.59709 -1.35867 210.693)
0.00198002    (6.16672 -2.66918 210.543)
0.00198097    (5.65268 -3.94076 210.339)
0.00198193    (5.01113 -5.12479 210.016)
0.00198289    (4.16093 -6.17632 209.466)
0.00198384    (3.02279 -7.02548 208.598)
0.0019848     (1.56771 -7.58586 207.374)
0.00198575    (-0.13461 -7.79585 205.846)
0.00198671    (-1.91767 -7.62929 204.129)
0.00198767    (-3.57563 -7.13151 202.403)
0.00198862    (-4.96978 -6.3857 200.814)
0.00198958    (-6.03901 -5.4826 199.421)
0.00199053    (-6.7923 -4.50781 198.219)
0.00199149    (-7.24698 -3.56981 197.183)
0.00199245    (-7.42585 -2.72953 196.277)
0.0019934     (-7.35061 -2.02999 195.573)
0.00199436    (-7.06352 -1.47872 195.129)
0.00199532    (-6.64786 -1.04168 195.097)
0.00199627    (-6.22906 -0.650338 195.616)
0.00199723    (-5.93643 -0.204229 196.694)
0.00199818    (-5.82908 0.288632 198.222)
0.00199914    (-5.81889 0.822244 199.945)
0.0020001     (-5.79837 1.30899 201.672)
0.00200106    (-5.60953 1.633 203.062)
0.00200202    (-5.17569 1.7122 203.771)
0.00200298    (-4.40636 1.52759 203.941)
0.00200394    (-3.30304 1.12561 203.624)
0.0020049     (-1.99272 0.636745 203.005)
0.00200586    (-0.608601 0.0697404 202.272)
0.00200682    (0.733413 -0.450246 201.553)
0.00200777    (1.979 -0.844989 200.924)
0.00200873    (3.1226 -1.06457 200.44)
0.00200968    (4.16041 -1.08864 200.082)
0.00201063    (5.10247 -0.923855 199.899)
0.00201158    (5.92198 -0.6166 199.903)
0.00201253    (6.61113 -0.219131 200.053)
0.00201348    (7.17235 0.196425 200.368)
0.00201443    (7.55843 0.596168 200.824)
0.00201538    (7.72243 0.957655 201.303)
0.00201633    (7.60997 1.29302 201.739)
0.00201729    (7.19243 1.6348 202.02)
0.00201824    (6.46546 1.9885 202.083)
0.00201919    (5.44157 2.35027 201.976)
0.00202015    (4.18424 2.69252 201.831)
0.0020211     (2.79018 3.00563 201.825)
0.00202205    (1.39887 3.24702 202.114)
0.00202301    (0.171735 3.35717 202.766)
0.00202396    (-0.813013 3.23479 203.679)
0.00202492    (-1.4951 2.77668 204.667)
0.00202587    (-1.94996 1.89335 205.284)
0.00202683    (-2.23909 0.615809 205.481)
0.00202779    (-2.37178 -0.88887 205.204)
0.00202875    (-2.28252 -2.39235 204.58)
0.00202971    (-1.95164 -3.67588 203.797)
0.00203066    (-1.39756 -4.62101 203.008)
0.00203162    (-0.667958 -5.1769 202.322)
0.00203258    (0.161451 -5.36068 201.795)
0.00203354    (1.00752 -5.23817 201.434)
0.00203449    (1.80927 -4.90765 201.21)
0.00203545    (2.54219 -4.47786 201.024)
0.00203642    (3.20609 -4.0394 200.757)
0.00203738    (3.81504 -3.64029 200.29)
0.00203834    (4.36503 -3.27985 199.548)
0.00203931    (4.82006 -2.92437 198.524)
0.00204028    (5.12577 -2.53165 197.284)
0.00204124    (5.24348 -2.06531 195.963)
0.00204221    (5.17393 -1.50546 194.72)
0.00204318    (4.95096 -0.854825 193.713)
0.00204415    (4.61844 -0.141178 193.066)
0.00204512    (4.20739 0.58531 192.814)
0.00204609    (3.72997 1.27971 192.942)
0.00204706    (3.1858 1.88953 193.345)
0.00204803    (2.55743 2.36441 193.896)
0.002049      (1.81809 2.67379 194.444)
0.00204997    (0.992194 2.83726 194.912)
0.00205094    (0.211956 2.90846 195.23)
0.00205192    (-0.385243 2.91263 195.371)
0.00205289    (-0.682438 2.82328 195.35)
0.00205385    (-0.636714 2.59636 195.228)
0.00205481    (-0.283828 2.2298 195.084)
0.00205578    (0.230275 1.796 194.995)
0.00205674    (0.756432 1.42748 195.061)
0.0020577     (1.13834 1.24784 195.428)
0.00205867    (1.26575 1.30015 196.058)
0.00205963    (1.12299 1.53023 196.901)
0.0020606     (0.736939 1.787 197.689)
0.00206157    (0.315353 1.95784 198.189)
0.00206254    (0.0857308 2.02576 198.285)
0.00206352    (0.117218 2.03554 197.974)
0.00206449    (0.343649 1.99602 197.309)
0.00206546    (0.637849 1.92567 196.33)
0.00206643    (0.850397 1.81818 195.165)
0.00206739    (0.873468 1.65872 193.898)
0.00206836    (0.633317 1.39052 192.611)
0.00206933    (0.134871 1.00371 191.416)
0.0020703     (-0.539848 0.526236 190.445)
0.00207128    (-1.2532 0.034786 189.841)
0.00207225    (-1.83006 -0.370292 189.7)
0.00207322    (-2.18551 -0.614576 190.028)
0.00207419    (-2.31624 -0.676393 190.683)
0.00207517    (-2.3149 -0.570125 191.454)
0.00207615    (-2.32642 -0.344746 192.122)
0.00207712    (-2.39259 -0.063243 192.388)
0.00207809    (-2.45094 0.243799 192.279)
0.00207907    (-2.38717 0.574618 191.84)
0.00208004    (-2.12106 0.951133 191.201)
0.00208101    (-1.66991 1.38699 190.49)
0.00208198    (-1.0978 1.92396 189.822)
0.00208295    (-0.480816 2.60422 189.231)
0.00208391    (0.108292 3.45375 188.71)
0.00208488    (0.603425 4.44762 188.215)
0.00208585    (0.943722 5.498 187.682)
0.00208682    (1.09935 6.44667 187.05)
0.00208779    (1.04931 7.08694 186.275)
0.00208876    (0.77177 7.26043 185.392)
0.00208972    (0.246197 6.86569 184.499)
0.00209069    (-0.540782 5.98085 183.778)
0.00209166    (-1.58773 4.78785 183.405)
0.00209262    (-2.90373 3.52561 183.528)
0.00209359    (-4.44341 2.38156 184.25)
0.00209455    (-6.1798 1.44885 185.509)
0.00209551    (-7.92374 0.769749 187.147)
0.00209648    (-9.34155 0.405545 189.007)
0.00209744    (-10.0434 0.384878 190.958)
0.00209841    (-9.83001 0.709511 192.907)
0.00209937    (-8.85618 1.18552 194.867)
0.00210033    (-7.61211 1.63514 196.817)
0.0021013     (-6.4254 1.9799 198.238)
0.00210226    (-5.53882 2.25518 199.374)
0.00210322    (-4.9596 2.5348 200.184)
0.00210419    (-4.62181 2.85052 200.712)
0.00210515    (-4.46233 3.23563 201.067)
0.00210612    (-4.44072 3.60957 201.336)
0.00210708    (-4.51498 3.9724 201.574)
0.00210804    (-4.63229 4.31804 201.793)
0.00210901    (-4.73873 4.61968 201.987)
0.00210997    (-4.77889 4.86447 202.16)
0.00211094    (-4.71408 5.05761 202.318)
0.0021119     (-4.51447 5.21931 202.45)
0.00211286    (-4.17113 5.36902 202.548)
0.00211383    (-3.69698 5.52169 202.59)
0.00211479    (-3.11643 5.67959 202.547)
0.00211576    (-2.45697 5.84365 202.397)
0.00211673    (-1.74358 6.01387 202.135)
0.00211769    (-0.996785 6.18196 201.772)
0.00211866    (-0.232373 6.33615 201.335)
0.00211963    (0.531365 6.45342 200.861)
0.0021206     (1.26199 6.50507 200.378)
0.00212156    (1.93344 6.47486 199.923)
0.00212253    (2.52474 6.35805 199.496)
0.0021235     (3.01466 6.16851 199.101)
0.00212447    (3.39516 5.93007 198.733)
0.00212544    (3.66999 5.66054 198.371)
0.00212641    (3.8499 5.37011 197.983)
0.00212738    (3.94937 5.04812 197.531)
0.00212835    (3.98274 4.66701 196.965)
0.00212932    (3.96282 4.18936 196.229)
0.00213029    (3.90329 3.5762 195.264)
0.00213126    (3.82611 2.79041 194.012)
0.00213224    (3.77005 1.8057 192.439)
0.00213321    (3.79951 0.615686 190.554)
0.00213418    (4.00403 -0.772368 188.429)
0.00213515    (4.47239 -2.33434 186.201)
0.00213612    (5.21489 -4.0208 184.105)
0.0021371     (6.16047 -5.73314 182.331)
0.00213807    (7.1198 -7.33435 181.048)
0.00213904    (7.88679 -8.61941 180.497)
0.00214001    (8.29016 -9.27257 180.743)
0.00214098    (8.33096 -9.09904 181.982)
0.00214195    (8.10451 -8.0947 184.229)
0.00214292    (7.70426 -6.45968 187.237)
0.00214388    (7.16844 -4.56499 190.522)
0.00214485    (6.48137 -2.76071 193.555)
0.00214581    (5.67642 -1.2142 195.97)
0.00214678    (4.86358 -0.024038 197.713)
0.00214774    (4.12829 0.806965 198.937)
0.0021487     (3.46859 1.33509 199.859)
0.00214966    (2.84332 1.66591 200.602)
0.00215062    (2.2114 1.88674 201.251)
0.00215158    (1.57681 2.04379 201.803)
0.00215254    (0.989779 2.14786 202.28)
0.0021535     (0.525827 2.18538 202.716)
0.00215445    (0.249124 2.13603 203.136)
0.00215541    (0.199618 1.9817 203.561)
0.00215636    (0.369256 1.718 203.962)
0.00215732    (0.755174 1.35854 204.289)
0.00215827    (1.28719 0.938352 204.554)
0.00215922    (1.8909 0.507867 204.736)
0.00216018    (2.48992 0.117934 204.852)
0.00216113    (3.02419 -0.19295 204.921)
0.00216208    (3.4549 -0.411808 204.95)
0.00216303    (3.75309 -0.552801 204.923)
0.00216399    (3.89405 -0.639746 204.815)
0.00216494    (3.8565 -0.684383 204.604)
0.00216589    (3.63272 -0.67845 204.302)
0.00216684    (3.24767 -0.599617 203.957)
0.0021678     (2.75035 -0.421552 203.651)
0.00216875    (2.21089 -0.126392 203.483)
0.0021697     (1.69956 0.284828 203.513)
0.00217066    (1.26062 0.7971 203.761)
0.00217161    (0.901702 1.38574 204.275)
0.00217257    (0.592781 2.02762 204.96)
0.00217352    (0.346703 2.69176 205.769)
0.00217448    (0.170433 3.32589 206.658)
0.00217544    (0.0747647 3.90909 207.566)
0.00217639    (0.0740059 4.40329 208.437)
0.00217735    (0.16877 4.75495 209.224)
0.00217831    (0.344778 4.94687 209.884)
0.00217927    (0.574675 4.98049 210.375)
0.00218023    (0.818138 4.87525 210.667)
0.00218119    (1.02852 4.6679 210.755)
0.00218215    (1.16346 4.40283 210.652)
0.00218312    (1.19771 4.1219 210.399)
0.00218408    (1.1242 3.83741 210.059)
0.00218504    (0.951426 3.55053 209.701)
0.00218601    (0.698411 3.25134 209.394)
0.00218698    (0.390292 2.94057 209.182)
0.00218794    (0.0530335 2.62951 209.083)
0.00218891    (-0.289291 2.331 209.08)
0.00218988    (-0.616511 2.04179 209.137)
0.00219085    (-0.908808 1.73834 209.232)
0.00219183    (-1.14865 1.38356 209.351)
0.0021928     (-1.32619 0.943568 209.498)
0.00219377    (-1.44069 0.404117 209.685)
0.00219474    (-1.49996 -0.220586 209.929)
0.00219571    (-1.51366 -0.895886 210.246)
0.00219668    (-1.49117 -1.58302 210.644)
0.00219764    (-1.4528 -2.24392 211.119)
0.0021986     (-1.42379 -2.8504 211.662)
0.00219956    (-1.42735 -3.37441 212.248)
0.00220052    (-1.47969 -3.79311 212.85)
0.00220147    (-1.58662 -4.09362 213.437)
0.00220242    (-1.74443 -4.27323 213.981)
0.00220338    (-1.93868 -4.34388 214.465)
0.00220433    (-2.14979 -4.32876 214.861)
0.00220528    (-2.35637 -4.26086 215.171)
0.00220623    (-2.54446 -4.16655 215.38)
0.00220719    (-2.70069 -4.05884 215.472)
0.00220814    (-2.82455 -3.93709 215.424)
0.00220909    (-2.92652 -3.77567 215.208)
0.00221004    (-3.02356 -3.52872 214.79)
0.002211      (-3.13507 -3.12948 214.14)
0.00221195    (-3.27925 -2.52119 213.236)
0.0022129     (-3.46664 -1.66308 212.107)
0.00221385    (-3.69517 -0.558982 210.767)
0.0022148     (-3.9571 0.755184 209.274)
0.00221576    (-4.23898 2.19778 207.725)
0.00221672    (-4.54052 3.6646 206.249)
0.00221769    (-4.81931 5.03479 204.964)
0.00221864    (-4.99148 6.20642 203.937)
0.00221959    (-4.95171 7.11866 203.166)
0.00222053    (-4.60587 7.73525 202.721)
0.00222147    (-3.89599 8.04646 202.625)
0.00222241    (-2.79908 8.05466 202.843)
0.00222334    (-1.36522 7.7674 203.313)
0.00222427    (0.258319 7.23412 204.045)
0.00222521    (1.92891 6.45049 205.013)
0.00222614    (3.43661 5.46289 206.115)
0.00222708    (4.54786 4.32752 207.147)
0.00222802    (5.07285 3.10414 207.945)
0.00222897    (4.91059 1.88247 208.294)
0.00222992    (4.13274 0.784792 208.105)
0.00223088    (2.97615 -0.0634834 207.461)
0.00223185    (1.71148 -0.646867 206.632)
0.00223282    (0.577901 -0.957029 205.89)
0.00223379    (-0.296365 -1.06738 205.325)
0.00223476    (-0.997758 -1.02351 204.957)
0.00223573    (-1.65288 -0.794631 204.744)
0.0022367     (-2.32922 -0.377135 204.666)
0.00223768    (-3.03747 0.206093 204.638)
0.00223865    (-3.75188 0.900287 204.611)
0.00223963    (-4.4146 1.64047 204.555)
0.0022406     (-4.96023 2.34685 204.487)
0.00224158    (-5.33141 2.96268 204.453)
0.00224255    (-5.49798 3.45457 204.496)
0.00224353    (-5.44793 3.80001 204.638)
0.0022445     (-5.18547 3.98958 204.888)
0.00224547    (-4.73369 4.02282 205.212)
0.00224645    (-4.13173 3.89915 205.592)
0.00224742    (-3.44311 3.63019 206.002)
0.00224839    (-2.70645 3.21644 206.401)
0.00224937    (-2.00026 2.65949 206.724)
0.00225035    (-1.40696 1.95299 206.908)
0.00225133    (-1.01376 1.1076 206.855)
0.00225231    (-0.896381 0.178047 206.535)
0.00225329    (-1.06978 -0.719527 206.015)
0.00225427    (-1.48213 -1.47506 205.389)
0.00225525    (-2.01806 -1.9896 204.795)
0.00225623    (-2.56356 -2.21156 204.356)
0.00225721    (-3.0137 -2.14817 204.154)
0.00225819    (-3.32627 -1.81976 204.222)
0.00225916    (-3.45963 -1.28582 204.54)
0.00226014    (-3.42018 -0.619783 205.061)
0.00226111    (-3.23577 0.0966263 205.7)
0.00226209    (-2.9521 0.782724 206.352)
0.00226306    (-2.61437 1.37343 206.914)
0.00226403    (-2.2591 1.83626 207.309)
0.002265      (-1.88502 2.14969 207.515)
0.00226597    (-1.50635 2.30983 207.52)
0.00226694    (-1.14303 2.2983 207.406)
0.0022679     (-0.82844 2.12062 207.215)
0.00226887    (-0.596961 1.79197 207.015)
0.00226983    (-0.472508 1.35272 206.887)
0.00227079    (-0.449508 0.868554 206.89)
0.00227175    (-0.49947 0.417566 207.092)
0.00227271    (-0.575382 0.0701017 207.554)
0.00227368    (-0.621455 -0.13758 208.299)
0.00227464    (-0.586469 -0.224911 209.287)
0.00227561    (-0.459771 -0.271253 210.469)
0.00227658    (-0.239677 -0.380929 211.651)
0.00227755    (0.0874212 -0.62787 212.682)
0.00227852    (0.42322 -1.04768 213.563)
0.00227949    (0.736875 -1.6045 214.237)
0.00228046    (0.996121 -2.21725 214.726)
0.00228143    (1.18573 -2.79932 215.05)
0.00228241    (1.31122 -3.28727 215.227)
0.00228338    (1.38299 -3.65467 215.265)
0.00228435    (1.40293 -3.88673 215.181)
0.00228532    (1.3584 -3.98334 214.99)
0.00228628    (1.23846 -3.95825 214.705)
0.00228724    (1.04277 -3.82833 214.347)
0.0022882     (0.789987 -3.61085 213.939)
0.00228915    (0.511667 -3.3206 213.498)
0.0022901     (0.247291 -2.96981 213.02)
0.00229105    (0.0303825 -2.56559 212.505)
0.002292      (-0.119982 -2.10274 211.939)
0.00229294    (-0.206697 -1.60576 211.309)
0.00229388    (-0.251073 -1.08992 210.598)
0.00229482    (-0.29581 -0.589166 209.809)
0.00229575    (-0.390239 -0.148964 208.966)
0.00229669    (-0.569604 0.191493 208.12)
0.00229762    (-0.834319 0.40816 207.355)
0.00229855    (-1.15642 0.504306 206.761)
0.00229948    (-1.48156 0.489226 206.384)
0.00230041    (-1.7622 0.380544 206.285)
0.00230133    (-1.95857 0.189392 206.445)
0.00230226    (-2.0512 -0.0700098 206.816)
0.00230319    (-2.02807 -0.36755 207.36)
0.00230413    (-1.88698 -0.668678 208.007)
0.00230508    (-1.64412 -0.921991 208.671)
0.00230604    (-1.34428 -1.07721 209.281)
0.002307      (-1.04264 -1.10517 209.796)
0.00230797    (-0.775656 -0.998397 210.187)
0.00230893    (-0.566337 -0.777935 210.467)
0.00230989    (-0.424273 -0.478389 210.639)
0.00231084    (-0.352743 -0.147192 210.703)
0.0023118     (-0.35279 0.168227 210.675)
0.00231276    (-0.419797 0.428444 210.586)
0.00231371    (-0.54647 0.610115 210.467)
0.00231467    (-0.717984 0.703615 210.362)
0.00231563    (-0.909242 0.715181 210.296)
0.00231659    (-1.08819 0.662488 210.283)
0.00231755    (-1.21419 0.568585 210.331)
0.00231851    (-1.26315 0.457653 210.438)
0.00231948    (-1.2102 0.350678 210.594)
0.00232044    (-1.05055 0.261582 210.792)
0.0023214     (-0.797832 0.197914 211.026)
0.00232236    (-0.483291 0.162207 211.298)
0.00232332    (-0.157348 0.150596 211.635)
0.00232428    (0.129376 0.175579 212.006)
0.00232525    (0.34587 0.236245 212.414)
0.00232621    (0.471933 0.339453 212.842)
0.00232717    (0.510964 0.491521 213.239)
0.00232813    (0.490513 0.686626 213.557)
0.0023291     (0.446887 0.909431 213.764)
0.00233006    (0.422182 1.13467 213.839)
0.00233103    (0.431982 1.32996 213.766)
0.00233199    (0.485311 1.46822 213.541)
0.00233296    (0.587993 1.53177 213.173)
0.00233392    (0.731272 1.51706 212.676)
0.00233489    (0.896807 1.43162 212.079)
0.00233586    (1.06381 1.29091 211.422)
0.00233683    (1.20726 1.11477 210.754)
0.00233779    (1.30632 0.920432 210.13)
0.00233876    (1.34901 0.720658 209.601)
0.00233972    (1.33233 0.520855 209.21)
0.00234068    (1.26096 0.322492 208.98)
0.00234165    (1.13863 0.124215 208.912)
0.00234261    (0.96434 -0.0746401 208.995)
0.00234357    (0.734547 -0.269807 209.187)
0.00234453    (0.44883 -0.431558 209.464)
0.00234548    (0.113592 -0.529391 209.769)
0.00234644    (-0.251959 -0.534627 210.043)
0.00234739    (-0.629626 -0.430726 210.235)
0.00234834    (-0.98292 -0.211425 210.291)
0.0023493     (-1.30079 0.110542 210.195)
0.00235025    (-1.58286 0.503791 209.936)
0.0023512     (-1.82538 0.936043 209.515)
0.00235216    (-2.03192 1.3687 208.965)
0.00235311    (-2.20771 1.78048 208.318)
0.00235407    (-2.35596 2.1474 207.604)
0.00235502    (-2.48841 2.4453 206.857)
0.00235597    (-2.60091 2.64317 206.112)
0.00235693    (-2.69707 2.71843 205.402)
0.00235788    (-2.76987 2.66291 204.751)
0.00235884    (-2.80578 2.48721 204.176)
0.00235979    (-2.78707 2.21289 203.677)
0.00236074    (-2.70072 1.86119 203.247)
0.00236169    (-2.54757 1.46507 202.915)
0.00236264    (-2.34357 1.04452 202.681)
0.0023636     (-2.12079 0.639209 202.619)
0.00236455    (-1.92125 0.274453 202.816)
0.0023655     (-1.78806 -0.0205813 203.361)
0.00236644    (-1.76422 -0.207719 204.308)
0.00236739    (-1.84799 -0.251528 205.659)
0.00236833    (-1.98778 -0.1477 207.343)
0.00236928    (-2.10311 0.0656883 209.206)
0.00237023    (-2.09978 0.304742 211.054)
0.00237117    (-1.909 0.519782 212.702)
0.00237213    (-1.5283 0.667719 213.913)
0.00237308    (-1.01218 0.762875 214.71)
0.00237404    (-0.489074 0.805757 215.127)
0.002375      (-0.0206722 0.82751 215.241)
0.00237597    (0.304741 0.832088 215.133)
0.00237694    (0.453645 0.794769 214.87)
0.00237791    (0.444316 0.700285 214.508)
0.00237888    (0.324895 0.566107 214.103)
0.00237986    (0.163503 0.431045 213.704)
0.00238084    (0.0325924 0.334954 213.332)
0.00238182    (-0.0111078 0.305649 212.988)
0.0023828     (0.0611342 0.348448 212.652)
0.00238378    (0.246714 0.442619 212.31)
0.00238476    (0.5193 0.552256 211.952)
0.00238573    (0.836874 0.639636 211.576)
0.00238671    (1.16058 0.668556 211.193)
0.00238769    (1.46973 0.618535 210.808)
0.00238868    (1.7625 0.487309 210.439)
0.00238966    (2.0428 0.28314 210.096)
0.00239064    (2.31058 0.0263082 209.792)
0.00239162    (2.56366 -0.254841 209.541)
0.0023926     (2.81072 -0.525722 209.365)
0.00239357    (3.0647 -0.755001 209.287)
0.00239455    (3.33656 -0.922757 209.313)
0.00239551    (3.63062 -1.02124 209.43)
0.00239647    (3.94026 -1.05311 209.602)
0.00239743    (4.24995 -1.02633 209.773)
0.00239838    (4.53939 -0.957436 209.885)
0.00239933    (4.78703 -0.861444 209.884)
0.00240027    (4.97509 -0.74889 209.733)
0.00240122    (5.10447 -0.620939 209.416)
0.00240217    (5.18458 -0.473674 208.938)
0.00240311    (5.23529 -0.314078 208.327)
0.00240406    (5.26913 -0.150577 207.64)
0.00240499    (5.27293 -0.00322032 206.951)
0.00240593    (5.2136 0.0908805 206.36)
0.00240687    (5.06468 0.0777249 205.962)
0.0024078     (4.80717 -0.0995715 205.83)
0.00240874    (4.44305 -0.476113 206.021)
0.00240968    (4.00249 -1.02234 206.522)
0.00241062    (3.51735 -1.62859 207.305)
0.00241156    (3.01324 -2.09454 208.282)
0.00241251    (2.47094 -2.19047 209.307)
0.00241346    (1.86275 -1.74019 210.177)
0.00241441    (1.09609 -0.713281 210.716)
0.00241537    (0.10327 0.690814 210.866)
0.00241633    (-1.00583 2.10298 210.749)
0.0024173     (-2.07653 3.20301 210.659)
0.00241826    (-2.86554 3.76314 210.842)
0.00241923    (-3.31713 3.79877 211.352)
0.00242019    (-3.48838 3.47811 212.058)
0.00242115    (-3.4834 3.02358 212.79)
0.00242212    (-3.37927 2.5848 213.445)
0.00242308    (-3.24136 2.28069 213.972)
0.00242404    (-3.03047 2.05164 214.376)
0.002425      (-2.73523 1.857 214.693)
0.00242595    (-2.32962 1.61886 214.928)
0.00242691    (-1.82219 1.26051 215.099)
0.00242787    (-1.24055 0.744745 215.205)
0.00242883    (-0.640218 0.0843715 215.268)
0.0024298     (-0.0746878 -0.64161 215.283)
0.00243076    (0.413698 -1.31529 215.325)
0.00243173    (0.772051 -1.82744 215.399)
0.00243269    (0.982797 -2.04728 215.539)
0.00243366    (1.0561 -1.93544 215.756)
0.00243463    (1.03154 -1.51858 215.992)
0.00243559    (0.961628 -0.901769 216.231)
0.00243656    (0.838155 -0.170437 216.445)
0.00243753    (0.658222 0.587682 216.591)
0.0024385     (0.399431 1.30034 216.596)
0.00243947    (0.0305759 1.91275 216.371)
0.00244043    (-0.472524 2.38126 215.857)
0.0024414     (-1.11266 2.66841 215.021)
0.00244237    (-1.86602 2.75897 213.878)
0.00244334    (-2.68445 2.66153 212.477)
0.00244431    (-3.50639 2.41559 210.906)
0.00244529    (-4.28039 2.07177 209.255)
0.00244626    (-4.96104 1.67871 207.601)
0.00244723    (-5.52053 1.27937 205.994)
0.0024482     (-5.94428 0.900117 204.467)
0.00244918    (-6.22883 0.554257 203.057)
0.00245015    (-6.38225 0.24878 201.79)
0.00245113    (-6.43026 -0.00715108 200.648)
0.0024521     (-6.39745 -0.189279 199.772)
0.00245308    (-6.33477 -0.291074 199.135)
0.00245406    (-6.28241 -0.312182 198.83)
0.00245503    (-6.2922 -0.29305 198.936)
0.00245601    (-6.35483 -0.288988 199.492)
0.00245699    (-6.4331 -0.381391 200.449)
0.00245797    (-6.41198 -0.631277 201.654)
0.00245895    (-6.14629 -1.03268 202.875)
0.00245994    (-5.5489 -1.50149 203.878)
0.00246092    (-4.65212 -1.90011 204.502)
0.0024619     (-3.59945 -2.11926 204.734)
0.00246288    (-2.60947 -2.1004 204.63)
0.00246386    (-1.78423 -1.85778 204.263)
0.00246485    (-1.21462 -1.45111 203.766)
0.00246583    (-0.886553 -0.944217 203.214)
0.0024668     (-0.757435 -0.422439 202.665)
0.00246777    (-0.749011 0.0395524 202.169)
0.00246873    (-0.792693 0.404509 201.741)
0.00246969    (-0.829952 0.659502 201.384)
0.00247064    (-0.814987 0.823483 201.089)
0.00247159    (-0.717092 0.928881 200.836)
0.00247255    (-0.525784 1.00954 200.608)
0.0024735     (-0.256109 1.0912 200.414)
0.00247447    (0.0586279 1.18593 200.297)
0.00247543    (0.374669 1.29253 200.323)
0.0024764     (0.650642 1.40348 200.565)
0.00247738    (0.850306 1.51459 201.075)
0.00247835    (0.947013 1.62143 201.813)
0.00247932    (0.934645 1.72174 202.775)
0.00248029    (0.812979 1.79286 203.857)
0.00248126    (0.584762 1.82597 205.006)
0.00248223    (0.25946 1.82289 206.186)
0.0024832     (-0.137144 1.79102 207.363)
0.00248417    (-0.548575 1.71135 208.504)
0.00248514    (-0.904955 1.5541 209.563)
0.00248611    (-1.13854 1.27814 210.462)
0.00248707    (-1.2074 0.838215 211.122)
0.00248804    (-1.09039 0.199817 211.477)
0.002489      (-0.80597 -0.627244 211.513)
0.00248997    (-0.409535 -1.57664 211.241)
0.00249093    (0.0276131 -2.53865 210.756)
0.0024919     (0.44335 -3.40238 210.135)
0.00249286    (0.788865 -4.08685 209.491)
0.00249383    (1.03803 -4.56236 208.884)
0.00249479    (1.20477 -4.81812 208.351)
0.00249576    (1.30835 -4.90109 207.918)
0.00249672    (1.40178 -4.87363 207.599)
0.00249768    (1.51386 -4.78111 207.392)
0.00249865    (1.65327 -4.64934 207.297)
0.00249961    (1.80786 -4.48576 207.317)
0.00250058    (1.95025 -4.28587 207.465)
0.00250155    (2.04911 -4.03846 207.75)
0.00250252    (2.08134 -3.72908 208.169)
0.00250348    (2.03993 -3.34241 208.699)
0.00250445    (1.9413 -2.86301 209.301)
0.00250541    (1.82212 -2.281 209.921)
0.00250637    (1.73265 -1.5965 210.504)
0.00250733    (1.71937 -0.832653 211.006)
0.00250829    (1.8141 -0.0619515 211.402)
0.00250925    (2.03289 0.636853 211.684)
0.00251021    (2.33811 1.18618 211.866)
0.00251116    (2.67173 1.53496 211.973)
0.00251212    (2.95791 1.67957 212.033)
0.00251307    (3.13782 1.64154 212.081)
0.00251402    (3.18033 1.43964 212.12)
0.00251497    (3.08243 1.09679 212.164)
0.00251592    (2.86831 0.620217 212.223)
0.00251687    (2.56881 0.0168435 212.307)
0.00251782    (2.21036 -0.695666 212.415)
0.00251877    (1.81303 -1.47917 212.553)
0.00251972    (1.4066 -2.28695 212.722)
0.00252067    (1.01361 -3.06428 212.918)
0.00252162    (0.642329 -3.75875 213.124)
0.00252256    (0.293404 -4.32375 213.313)
0.00252351    (-0.0317231 -4.71442 213.438)
0.00252446    (-0.323549 -4.90793 213.473)
0.0025254     (-0.5898 -4.8791 213.32)
0.00252635    (-0.821855 -4.63095 212.989)
0.00252729    (-1.03012 -4.15414 212.472)
0.00252824    (-1.22946 -3.45314 211.777)
0.00252918    (-1.43312 -2.5606 210.935)
0.00253013    (-1.64665 -1.51556 209.977)
0.00253107    (-1.84752 -0.36546 208.942)
0.00253202    (-2.00873 0.828868 207.877)
0.00253296    (-2.08336 2.02825 206.809)
0.0025339     (-2.02554 3.22463 205.86)
0.00253485    (-1.79889 4.39379 205.177)
0.00253579    (-1.38267 5.49613 204.774)
0.00253674    (-0.759786 6.44685 204.88)
0.00253768    (0.0323064 7.17298 205.402)
0.00253862    (0.951458 7.56182 206.279)
0.00253957    (1.78097 7.58815 207.331)
0.00254051    (2.3409 7.27108 208.324)
0.00254146    (2.53322 6.67069 209.095)
0.0025424     (2.38529 5.90993 209.51)
0.00254335    (2.00765 5.16578 209.742)
0.00254429    (1.50683 4.47597 209.914)
0.00254524    (0.970744 3.91636 210.15)
0.00254618    (0.437207 3.47305 210.514)
0.00254713    (-0.0704386 3.11125 211.041)
0.00254807    (-0.521838 2.80236 211.74)
0.00254902    (-0.878539 2.53668 212.583)
0.00254997    (-1.08371 2.32486 213.494)
0.00255092    (-1.11223 2.18082 214.39)
0.00255187    (-0.929653 2.11598 215.174)
0.00255282    (-0.533379 2.13648 215.754)
0.00255377    (0.0585384 2.22529 216.075)
0.00255472    (0.799477 2.32209 216.125)
0.00255567    (1.63439 2.34167 215.934)
0.00255662    (2.49399 2.21035 215.563)
0.00255758    (3.33243 1.89904 215.093)
0.00255853    (4.09215 1.40747 214.603)
0.00255948    (4.72206 0.770343 214.147)
0.00256044    (5.18402 0.0297955 213.772)
0.00256139    (5.44257 -0.762878 213.475)
0.00256235    (5.49979 -1.55774 213.268)
0.0025633     (5.35887 -2.31389 213.091)
0.00256426    (5.0667 -3.00094 212.917)
0.00256521    (4.669 -3.6026 212.705)
0.00256615    (4.20554 -4.11072 212.412)
0.00256708    (3.70867 -4.50556 212.024)
0.002568      (3.19986 -4.79934 211.539)
0.00256892    (2.67976 -5.01622 210.96)
0.00256984    (2.13481 -5.1966 210.305)
0.00257075    (1.54466 -5.39512 209.602)
0.00257166    (0.893788 -5.66402 208.872)
0.00257257    (0.179007 -6.04056 208.146)
0.00257348    (-0.586777 -6.53302 207.448)
0.00257439    (-1.36961 -7.10786 206.792)
0.0025753     (-2.13568 -7.68306 206.215)
0.00257622    (-2.85486 -8.18076 205.699)
0.00257714    (-3.50459 -8.4752 205.321)
0.00257806    (-4.06204 -8.45553 205.027)
0.00257899    (-4.52599 -8.05601 204.82)
0.00257993    (-4.9057 -7.27079 204.722)
0.00258087    (-5.20861 -6.19129 204.652)
0.00258181    (-5.44711 -4.92078 204.615)
0.00258275    (-5.62069 -3.61393 204.544)
0.00258369    (-5.73898 -2.40367 204.378)
0.00258463    (-5.78702 -1.37337 204.071)
0.00258557    (-5.76031 -0.550072 203.619)
0.0025865     (-5.67317 0.0937459 203.032)
0.00258744    (-5.51919 0.639193 202.356)
0.00258837    (-5.28629 1.17964 201.677)
0.00258931    (-4.95187 1.79736 201.101)
0.00259025    (-4.48523 2.51828 200.606)
0.00259119    (-3.83639 3.30358 200.429)
0.00259213    (-2.98417 4.01947 200.422)
0.00259308    (-1.88829 4.50451 200.602)
0.00259402    (-0.557764 4.59974 201.012)
0.00259497    (0.893839 4.29425 201.672)
0.00259592    (2.27933 3.7804 202.622)
0.00259686    (3.37605 3.31552 203.942)
0.00259781    (4.09093 3.04458 205.258)
0.00259875    (4.36137 2.96836 206.189)
0.00259969    (4.2035 3.12211 206.602)
0.00260063    (3.67341 3.43335 206.45)
0.00260157    (2.83294 3.86699 205.816)
0.00260251    (1.75232 4.30988 204.808)
0.00260344    (0.497538 4.63589 203.514)
0.00260439    (-0.859067 4.75434 202.037)
0.00260533    (-2.25617 4.63442 200.521)
0.00260628    (-3.64301 4.3078 199.156)
0.00260722    (-4.99312 3.8225 198.153)
0.00260818    (-6.27474 3.21423 197.652)
0.00260913    (-7.41585 2.4773 197.745)
0.00261009    (-8.30953 1.59684 198.505)
0.00261104    (-8.76103 0.58399 199.709)
0.00261199    (-8.63965 -0.347656 201.12)
0.00261295    (-7.99345 -0.817094 202.425)
0.0026139     (-6.99552 -0.478264 203.208)
0.00261485    (-5.85246 0.758704 203.356)
0.0026158     (-4.67043 2.63301 202.879)
0.00261675    (-3.48287 4.65835 202.072)
0.00261769    (-2.36311 6.23566 201.436)
0.00261864    (-1.38887 6.93146 201.313)
0.00261959    (-0.618889 6.64185 201.987)
0.00262055    (-0.0161374 5.64494 203.428)
0.0026215     (0.493083 4.36179 205.343)
0.00262246    (0.919922 3.12936 207.303)
0.00262341    (1.17213 2.06012 208.962)
0.00262436    (1.21865 1.11808 209.982)
0.00262532    (1.01464 0.263219 210.335)
0.00262627    (0.593514 -0.537595 210.077)
0.00262723    (0.0272658 -1.25044 209.302)
0.00262818    (-0.611467 -1.8194 208.175)
0.00262914    (-1.26633 -2.20973 206.865)
0.00263009    (-1.93682 -2.41487 205.522)
0.00263105    (-2.65095 -2.45916 204.255)
0.00263201    (-3.45771 -2.40897 203.104)
0.00263296    (-4.36285 -2.34461 202.044)
0.00263392    (-5.31737 -2.34918 201.051)
0.00263488    (-6.2307 -2.48895 200.102)
0.00263584    (-6.99033 -2.80105 199.225)
0.0026368     (-7.50033 -3.27406 198.415)
0.00263776    (-7.69338 -3.86125 197.688)
0.00263872    (-7.53027 -4.48606 197.059)
0.00263968    (-6.99408 -5.07769 196.528)
0.00264064    (-6.11498 -5.60565 196.126)
0.00264161    (-4.93877 -6.07456 195.876)
0.00264257    (-3.57181 -6.51313 195.787)
0.00264353    (-2.13761 -6.95784 195.847)
0.00264449    (-0.740662 -7.40881 196.036)
