# Probe 0 (0 0 0.76)
# Time        0            
0             (1.3762 1.71015 206.979)
3.10638e-07   (1.47996 1.6249 206.782)
1.21366e-06   (1.87713 1.39329 206.153)
2.16239e-06   (1.89597 1.10864 205.179)
3.11323e-06   (2.29465 0.915115 203.968)
4.06548e-06   (2.85488 0.415039 202.701)
5.01985e-06   (2.93536 0.116455 201.309)
5.97585e-06   (3.44061 -0.100722 199.816)
6.93315e-06   (4.09687 -0.557262 198.192)
7.89202e-06   (4.39159 -0.993898 196.469)
8.85122e-06   (4.6753 -1.46737 194.792)
9.81e-06      (5.09876 -1.83191 193.373)
1.07677e-05   (5.38902 -1.99688 192.186)
1.17244e-05   (5.61348 -2.0873 191.161)
1.26812e-05   (5.9066 -2.02097 190.203)
1.36377e-05   (6.15908 -1.7029 189.198)
1.45932e-05   (6.3002 -1.10987 188.13)
1.55481e-05   (6.31989 -0.382849 187.174)
1.65034e-05   (6.25404 0.34383 186.444)
1.74594e-05   (6.14389 1.05569 185.973)
1.84158e-05   (5.9468 1.72444 185.774)
1.93728e-05   (5.64927 2.21667 185.958)
2.03305e-05   (5.30807 2.43984 186.583)
2.12887e-05   (4.93373 2.39028 187.706)
2.22468e-05   (4.48602 2.08121 189.431)
2.32044e-05   (3.98916 1.53489 191.679)
2.41617e-05   (3.51071 0.828623 194.292)
2.51188e-05   (3.06067 0.0868932 197.069)
2.60757e-05   (2.5691 -0.579244 199.769)
2.70326e-05   (1.99121 -1.10927 202.116)
2.79893e-05   (1.34119 -1.49256 203.939)
2.89448e-05   (0.690035 -1.76282 205.249)
2.98995e-05   (0.125085 -1.96151 206.216)
3.08521e-05   (-0.30238 -2.10901 207.009)
3.18e-05      (-0.632853 -2.19252 207.655)
3.27429e-05   (-0.902631 -2.19698 208.225)
3.36814e-05   (-1.18215 -2.14789 208.736)
3.4616e-05    (-1.51809 -2.05546 209.216)
3.55471e-05   (-1.91348 -1.8843 209.686)
3.64751e-05   (-2.35382 -1.60884 210.171)
3.74012e-05   (-2.83634 -1.25382 210.674)
3.83267e-05   (-3.34681 -0.880274 211.184)
3.92528e-05   (-3.84807 -0.537312 211.704)
4.01807e-05   (-4.2922 -0.247989 212.259)
4.11082e-05   (-4.61961 -0.0667471 212.871)
4.20322e-05   (-4.75714 -0.0316152 213.539)
4.29513e-05   (-4.63378 -0.161966 214.225)
4.38662e-05   (-4.21564 -0.421153 214.856)
4.47771e-05   (-3.52404 -0.754674 215.343)
4.56845e-05   (-2.64568 -1.09735 215.601)
4.65882e-05   (-1.7132 -1.38422 215.569)
4.74888e-05   (-0.861944 -1.55553 215.244)
4.83868e-05   (-0.199831 -1.53833 214.678)
4.92826e-05   (0.212798 -1.33731 213.941)
5.01767e-05   (0.385903 -0.981346 213.147)
5.10696e-05   (0.362683 -0.506919 212.377)
5.19618e-05   (0.206374 0.0504531 211.699)
5.28536e-05   (0.00119069 0.662069 211.163)
5.37454e-05   (-0.191108 1.29215 210.804)
5.46373e-05   (-0.340374 1.90286 210.624)
5.55295e-05   (-0.418517 2.46299 210.591)
5.64221e-05   (-0.428093 2.94968 210.653)
5.73151e-05   (-0.413769 3.3528 210.766)
5.82087e-05   (-0.438346 3.66512 210.894)
5.9103e-05    (-0.555745 3.88076 211.011)
5.99983e-05   (-0.790522 3.99149 211.098)
6.08947e-05   (-1.12933 3.98612 211.14)
6.17924e-05   (-1.53316 3.85565 211.124)
6.26913e-05   (-1.94378 3.6055 211.043)
6.35915e-05   (-2.29496 3.25667 210.9)
6.44928e-05   (-2.52147 2.84226 210.706)
6.53954e-05   (-2.5698 2.40741 210.467)
6.62993e-05   (-2.41044 1.9876 210.181)
6.72047e-05   (-2.04797 1.63494 209.845)
6.81117e-05   (-1.52127 1.3583 209.471)
6.90205e-05   (-0.899568 1.16645 209.079)
6.99311e-05   (-0.253794 1.04058 208.698)
7.08437e-05   (0.353162 0.931903 208.356)
7.17584e-05   (0.891755 0.790759 208.073)
7.26756e-05   (1.37541 0.599092 207.863)
7.35952e-05   (1.83791 0.315487 207.714)
7.45173e-05   (2.31504 -0.078414 207.594)
7.54423e-05   (2.81636 -0.597164 207.484)
7.63703e-05   (3.32699 -1.23912 207.385)
7.72997e-05   (3.80953 -1.97805 207.316)
7.82286e-05   (4.21309 -2.76288 207.294)
7.91574e-05   (4.49783 -3.50099 207.392)
8.00864e-05   (4.60999 -4.13965 207.559)
8.10159e-05   (4.51121 -4.57671 207.751)
8.1946e-05    (4.17704 -4.73875 207.858)
8.28772e-05   (3.62506 -4.56098 207.765)
8.38093e-05   (2.92947 -3.98714 207.242)
8.47423e-05   (2.21071 -3.00641 206.264)
8.56758e-05   (1.58074 -1.67035 204.883)
8.66088e-05   (1.06061 -0.13867 203.257)
8.75472e-05   (0.548293 1.35107 201.587)
8.84905e-05   (0.0406193 2.59125 200.301)
8.94394e-05   (-0.527206 3.37984 199.644)
9.03873e-05   (-1.03488 3.65783 199.7)
9.13338e-05   (-1.35196 3.43899 200.374)
9.22792e-05   (-1.36605 2.79779 201.334)
9.32235e-05   (-1.03826 1.88256 202.235)
9.41665e-05   (-0.45486 0.915539 202.958)
9.51078e-05   (0.3136 0.178959 203.207)
9.60473e-05   (1.18537 -0.253512 203.301)
9.6985e-05    (2.11507 -0.346536 203.278)
9.79192e-05   (3.06317 -0.167875 203.192)
9.88497e-05   (3.97089 0.185833 203.087)
9.97774e-05   (4.76639 0.638815 202.985)
0.000100703   (5.36862 1.13669 202.943)
0.000101627   (5.73319 1.63765 203.042)
0.000102549   (5.83291 2.09193 203.329)
0.000103469   (5.65937 2.44581 203.885)
0.000104386   (5.27045 2.65658 204.736)
0.0001053     (4.71796 2.72194 205.851)
0.000106212   (4.08512 2.69348 207.151)
0.000107122   (3.46084 2.65086 208.526)
0.000108031   (2.92285 2.65909 209.864)
0.00010894    (2.50321 2.73011 211.074)
0.000109848   (2.24882 2.83292 212.119)
0.000110757   (2.14556 2.916 212.99)
0.000111666   (2.1784 2.92982 213.662)
0.000112577   (2.29769 2.87359 214.163)
0.000113489   (2.44959 2.73902 214.473)
0.000114403   (2.55687 2.53765 214.566)
0.000115319   (2.54277 2.29361 214.429)
0.000116236   (2.3518 2.0362 214.074)
0.000117155   (1.97541 1.79067 213.542)
0.000118076   (1.43896 1.58219 212.895)
0.000118999   (0.822081 1.43605 212.206)
0.000119926   (0.199591 1.37544 211.483)
0.000120856   (-0.376724 1.41445 210.764)
0.000121789   (-0.876928 1.54037 210.055)
0.000122723   (-1.29115 1.71335 209.344)
0.000123657   (-1.63649 1.8732 208.621)
0.00012459    (-1.93809 1.96149 207.846)
0.000125525   (-2.21164 1.9222 206.99)
0.00012646    (-2.47088 1.72438 206.038)
0.000127396   (-2.7216 1.35638 205.005)
0.00012833    (-2.95579 0.833222 203.92)
0.000129262   (-3.15404 0.197527 202.861)
0.000130194   (-3.29717 -0.460214 201.873)
0.000131124   (-3.36969 -1.04629 201.02)
0.000132053   (-3.36366 -1.50711 200.337)
0.000132985   (-3.29174 -1.78953 199.962)
0.000133914   (-3.17083 -1.93355 199.928)
0.000134849   (-3.01593 -2.0008 200.339)
0.00013579    (-2.86087 -2.09042 201.235)
0.000136732   (-2.69063 -2.29685 202.53)
0.000137675   (-2.43245 -2.6575 204.014)
0.000138619   (-1.99737 -3.12356 205.378)
0.000139564   (-1.31805 -3.53527 206.375)
0.000140509   (-0.465707 -3.79464 206.785)
0.000141453   (0.428105 -3.80991 206.541)
0.000142396   (1.17765 -3.52194 205.904)
0.00014334    (1.71887 -2.94844 204.975)
0.000144284   (2.07528 -2.11952 203.882)
0.000145228   (2.26806 -1.06903 202.717)
0.000146173   (2.33327 0.147026 201.544)
0.00014712    (2.28913 1.43771 200.423)
0.000148065   (2.13722 2.70592 199.422)
0.000149008   (1.88865 3.8862 198.572)
0.00014995    (1.57238 4.93497 197.875)
0.000150891   (1.23015 5.81532 197.323)
0.000151831   (0.908379 6.4928 196.907)
0.00015277    (0.650264 6.9441 196.642)
0.000153709   (0.459637 7.13912 196.544)
0.000154648   (0.320327 7.09761 196.661)
0.000155587   (0.202957 6.86381 197.054)
0.000156526   (0.0758332 6.53607 197.729)
0.000157466   (-0.0724117 6.223 198.682)
0.000158404   (-0.190789 6.01589 199.828)
0.000159341   (-0.267722 5.96353 201.047)
0.000160277   (-0.257962 6.04018 202.194)
0.000161212   (-0.195766 6.20679 203.175)
0.000162146   (-0.161279 6.37716 203.94)
0.000163079   (-0.242192 6.47651 204.458)
0.000164012   (-0.494772 6.45657 204.837)
0.000164945   (-0.909659 6.2958 205.114)
0.000165878   (-1.4125 5.97623 205.329)
0.000166812   (-1.91144 5.48777 205.492)
0.000167745   (-2.30743 4.82444 205.593)
0.00016868    (-2.55519 4.01438 205.618)
0.000169616   (-2.65944 3.11825 205.554)
0.000170554   (-2.67251 2.20775 205.394)
0.000171493   (-2.66528 1.35781 205.151)
0.000172435   (-2.69244 0.625051 204.85)
0.000173379   (-2.78135 0.054625 204.53)
0.000174324   (-2.93732 -0.323551 204.242)
0.000175268   (-3.15045 -0.511544 204.051)
0.000176212   (-3.40555 -0.540432 204.013)
0.000177157   (-3.66685 -0.450483 204.23)
0.000178099   (-3.89641 -0.308462 204.675)
0.000179037   (-4.07757 -0.148038 205.317)
0.000179972   (-4.15607 0.0033908 206.095)
0.000180904   (-4.0865 0.130005 206.889)
0.000181833   (-3.83752 0.22797 207.59)
0.000182761   (-3.40876 0.293364 208.113)
0.000183686   (-2.83077 0.307254 208.42)
0.00018461    (-2.15921 0.24115 208.543)
0.000185531   (-1.4613 0.0862508 208.52)
0.00018645    (-0.805925 -0.162573 208.424)
0.000187367   (-0.225549 -0.476466 208.306)
0.000188281   (0.253792 -0.801118 208.196)
0.000189193   (0.637033 -1.06535 208.106)
0.000190102   (0.947701 -1.19314 208.019)
0.000191011   (1.21115 -1.12286 207.922)
0.00019192    (1.46525 -0.822147 207.821)
0.00019283    (1.70354 -0.320233 207.769)
0.000193739   (1.90721 0.372393 207.764)
0.000194645   (2.06685 1.18189 207.923)
0.000195548   (2.14808 2.04543 208.29)
0.00019645    (2.12761 2.91039 208.903)
0.000197352   (1.98847 3.71519 209.762)
0.000198256   (1.72283 4.38103 210.809)
0.000199161   (1.33192 4.80182 211.942)
0.000200071   (0.827028 4.85852 213.008)
0.000200983   (0.232973 4.45713 213.844)
0.000201896   (-0.42078 3.58056 214.347)
0.00020281    (-1.12568 2.32872 214.518)
0.000203726   (-1.87023 0.908321 214.441)
0.000204644   (-2.63107 -0.421203 214.283)
0.000205563   (-3.36631 -1.50213 214.287)
0.000206485   (-4.09725 -2.26608 214.478)
0.000207407   (-4.84277 -2.74869 214.833)
0.000208331   (-5.56533 -3.04747 215.216)
0.000209257   (-6.18449 -3.23454 215.447)
0.000210183   (-6.55168 -3.32064 215.331)
0.000211109   (-6.50002 -3.25039 214.753)
0.000212036   (-5.92839 -2.89586 213.646)
0.000212962   (-4.89777 -2.13462 212.192)
0.000213887   (-3.60448 -0.930313 210.714)
0.000214812   (-2.31995 0.589731 209.484)
0.000215736   (-1.29604 2.20527 208.881)
0.00021666    (-0.605573 3.74848 209.025)
0.000217584   (-0.165917 5.06881 209.868)
0.000218508   (0.208521 6.01531 211.215)
0.000219431   (0.641454 6.41943 212.762)
0.000220355   (1.17031 6.14043 214.041)
0.000221278   (1.77766 5.19226 214.882)
0.000222202   (2.39726 3.82558 215.352)
0.000223125   (2.95061 2.35862 215.671)
0.000224049   (3.32858 1.17755 216.06)
0.000224974   (3.39848 0.441909 216.577)
0.0002259     (3.0016 0.108111 217.055)
0.000226828   (2.0236 0.0512843 217.262)
0.000227756   (0.523085 0.192803 217.065)
0.000228686   (-1.18307 0.540887 216.486)
0.000229618   (-2.67385 1.00448 215.723)
0.000230551   (-3.60244 1.41997 214.884)
0.000231483   (-3.7146 1.49354 213.91)
0.000232414   (-3.05086 0.983152 212.731)
0.000233344   (-1.84074 -0.141729 211.285)
0.000234273   (-0.496283 -1.57727 209.799)
0.000235201   (0.765844 -2.91179 208.488)
0.000236129   (1.78644 -3.74453 207.575)
0.000237057   (2.61003 -3.91726 206.963)
0.000237985   (3.32896 -3.45273 206.509)
0.000238913   (3.97905 -2.49547 206.024)
0.000239841   (4.48198 -1.23534 205.524)
0.00024077    (4.71667 0.0717849 205.074)
0.000241699   (4.62298 1.18598 204.742)
0.000242628   (4.23221 1.96456 204.518)
0.000243558   (3.61582 2.37083 204.338)
0.000244489   (2.85013 2.44468 204.143)
0.000245419   (2.0063 2.25193 203.951)
0.000246339   (1.17695 1.89876 203.755)
0.000247268   (0.418068 1.48204 203.605)
0.000248202   (-0.2023 1.07567 203.553)
0.000249137   (-0.634198 0.692103 203.637)
0.000250074   (-0.870145 0.314947 203.872)
0.000251012   (-0.949405 -0.0541867 204.228)
0.000251952   (-0.930705 -0.388355 204.579)
0.000252893   (-0.850593 -0.65551 204.775)
0.000253836   (-0.708583 -0.819741 204.671)
0.00025478    (-0.470188 -0.829972 204.127)
0.000255725   (-0.0879236 -0.607687 203.074)
0.00025667    (0.455928 -0.0757952 201.499)
0.000257617   (1.13059 0.806898 199.458)
0.000258565   (1.85065 2.03302 197.079)
0.000259514   (2.49118 3.52999 194.568)
0.000260465   (2.92867 5.19609 192.097)
0.000261416   (3.05013 6.90209 189.808)
0.000262366   (2.79294 8.47872 187.797)
0.000263316   (2.14346 9.72474 186.126)
0.000264267   (1.15511 10.4459 184.828)
0.000265218   (-0.0566968 10.5603 183.937)
0.000266166   (-1.36242 10.157 183.489)
0.000267108   (-2.61323 9.49596 183.513)
0.000268045   (-3.71449 8.93723 184.089)
0.000268979   (-4.53899 8.74643 185.274)
0.00026991    (-4.97494 9.05552 187.221)
0.000270838   (-4.93344 9.62253 189.689)
0.000271764   (-4.41182 10.0281 192.357)
0.000272689   (-3.59796 9.76078 194.801)
0.000273614   (-2.60533 8.52507 196.712)
0.000274539   (-1.58523 6.54186 198.049)
0.000275465   (-0.58286 4.26694 198.966)
0.000276393   (0.408379 2.35492 199.785)
0.000277322   (1.39636 1.14988 200.669)
0.000278254   (2.35335 0.642161 201.652)
0.000279187   (3.23735 0.611398 202.716)
0.00028012    (3.96624 0.944254 203.812)
0.000281052   (4.4516 1.51096 204.921)
0.000281983   (4.68021 2.22929 206.004)
0.000282913   (4.6956 2.98545 207.042)
0.000283842   (4.5196 3.6538 207.716)
0.000284774   (4.13871 4.14854 207.935)
0.000285707   (3.48375 4.3164 207.553)
0.000286641   (2.51529 4.08554 206.512)
0.000287579   (1.29661 3.45958 204.893)
0.00028852    (-0.0487086 2.55784 202.887)
0.000289462   (-1.39472 1.5819 200.668)
0.000290403   (-2.64293 0.74057 198.475)
0.000291346   (-3.78903 0.151611 196.431)
0.00029229    (-4.8451 -0.185324 194.547)
0.000293235   (-5.76909 -0.391494 192.841)
0.000294181   (-6.47259 -0.624563 191.335)
0.000295126   (-6.82832 -1.0109 190.142)
0.000296072   (-6.80761 -1.58947 189.352)
0.000297015   (-6.50183 -2.33672 189.027)
0.000297956   (-6.09506 -3.16926 189.212)
0.000298895   (-5.80116 -3.97936 189.93)
0.000299833   (-5.7816 -4.66778 191.178)
0.00030077    (-6.0939 -5.14755 192.914)
0.000301704   (-6.64964 -5.33612 195.011)
0.000302634   (-7.2151 -5.18233 197.243)
0.000303562   (-7.50729 -4.71981 199.404)
0.000304487   (-7.32264 -4.01018 201.134)
0.000305412   (-6.61322 -3.1652 202.129)
0.000306336   (-5.59041 -2.25191 202.563)
0.000307261   (-4.39342 -1.2731 202.608)
0.000308184   (-3.28188 -0.24252 202.456)
0.000309104   (-2.37418 0.838145 202.214)
0.000310023   (-1.66748 1.95547 201.915)
0.000310939   (-1.11232 3.05948 201.61)
0.000311852   (-0.677608 4.08897 201.303)
0.000312765   (-0.371801 4.98287 201)
0.000313678   (-0.240374 5.67293 200.719)
0.000314589   (-0.334831 6.13096 200.476)
0.000315501   (-0.682341 6.37841 200.286)
0.000316414   (-1.26839 6.46469 200.161)
0.00031733    (-1.98963 6.42582 200.09)
0.000318246   (-2.6572 6.23443 200.084)
0.000319164   (-3.05196 5.81239 200.13)
0.000320083   (-3.01696 5.07501 200.231)
0.000321005   (-2.55087 4.02613 200.402)
0.000321929   (-1.76053 2.8041 200.686)
0.000322858   (-0.836533 1.66328 201.09)
0.00032379    (0.0978192 0.903144 201.419)
0.000324725   (1.04875 0.560635 201.71)
0.000325661   (1.95017 0.612256 201.892)
0.000326596   (2.69167 0.882343 201.966)
0.000327527   (3.17943 1.17003 201.993)
0.000328454   (3.36176 1.36334 202.047)
0.000329378   (3.23971 1.43785 202.184)
0.000330301   (2.86794 1.41488 202.426)
0.000331223   (2.35159 1.30833 202.739)
0.000332142   (1.80784 1.08001 203.04)
0.000333061   (1.33499 0.665464 203.2)
0.000333983   (0.98325 -0.0160119 203.089)
0.000334907   (0.759156 -0.954962 202.645)
0.000335828   (0.634296 -2.04947 201.887)
0.000336744   (0.564556 -3.124 200.929)
0.000337656   (0.517439 -4.06245 199.924)
0.000338568   (0.476481 -4.76223 199.014)
0.000339481   (0.416858 -5.1723 198.254)
0.000340396   (0.353155 -5.3012 197.806)
0.000341316   (0.254191 -5.1849 197.638)
0.000342237   (0.111716 -4.88402 197.806)
0.000343155   (-0.101902 -4.51256 198.342)
0.000344072   (-0.381774 -4.17924 199.236)
0.000344988   (-0.707473 -3.964 200.447)
0.000345906   (-1.04989 -3.88601 201.9)
0.000346827   (-1.36868 -3.90818 203.486)
0.000347751   (-1.61076 -3.95355 205.11)
0.000348679   (-1.7193 -3.93808 206.66)
0.000349608   (-1.65434 -3.80744 208.037)
0.000350537   (-1.38903 -3.54264 209.223)
0.000351466   (-0.97033 -3.22048 210.14)
0.000352397   (-0.444508 -2.92737 210.866)
0.000353328   (0.117452 -2.75418 211.424)
0.000354257   (0.687558 -2.8003 211.815)
0.000355184   (1.24166 -3.10697 211.998)
0.000356111   (1.7529 -3.62153 211.912)
0.000357038   (2.18752 -4.21622 211.517)
0.000357964   (2.48288 -4.71361 210.799)
0.000358883   (2.58814 -4.9467 209.801)
0.000359795   (2.49965 -4.84873 208.584)
0.000360701   (2.23009 -4.41408 207.187)
0.000361601   (1.83446 -3.70582 205.644)
0.000362498   (1.36385 -2.80274 203.999)
0.000363392   (0.863305 -1.7874 202.311)
0.000364283   (0.367179 -0.7628 200.664)
0.000365173   (-0.102965 0.163704 199.161)
0.000366061   (-0.527175 0.897303 197.883)
0.000366948   (-0.885314 1.39248 196.911)
0.000367837   (-1.16302 1.65606 196.27)
0.000368726   (-1.31529 1.73289 195.913)
0.000369619   (-1.31638 1.69594 195.83)
0.000370514   (-1.15322 1.61061 195.961)
0.000371411   (-0.834847 1.53423 196.251)
0.000372313   (-0.393642 1.50464 196.679)
0.000373219   (0.117292 1.5411 197.222)
0.00037413    (0.629252 1.63776 197.847)
0.000375044   (1.09685 1.77973 198.52)
0.000375959   (1.4848 1.9333 199.226)
0.000376873   (1.79272 2.07294 199.941)
0.000377787   (2.04346 2.18847 200.654)
0.000378706   (2.26413 2.27885 201.366)
0.000379625   (2.47328 2.34618 202.086)
0.000380544   (2.67377 2.39229 202.83)
0.000381464   (2.84961 2.41877 203.612)
0.000382385   (2.97217 2.43416 204.437)
0.000383307   (3.01256 2.45043 205.292)
0.000384231   (2.94096 2.49448 206.149)
0.000385155   (2.75594 2.58453 206.961)
0.000386082   (2.47276 2.72197 207.677)
0.00038701    (2.128 2.88661 208.259)
0.00038794    (1.76857 3.02888 208.669)
0.000388872   (1.44486 3.088 208.892)
0.000389807   (1.19007 2.99321 208.941)
0.000390741   (1.01511 2.69105 208.825)
0.00039167    (0.916103 2.1503 208.605)
0.000392596   (0.893131 1.38825 208.34)
0.000393519   (0.957648 0.464705 208.086)
0.000394441   (1.1328 -0.520601 207.888)
0.00039536    (1.43443 -1.46641 207.733)
0.000396278   (1.86119 -2.28651 207.573)
0.000397196   (2.41484 -2.91886 207.359)
0.000398113   (3.07687 -3.33083 207.081)
0.000399032   (3.80735 -3.52237 206.767)
0.000399951   (4.5536 -3.51556 206.468)
0.000400873   (5.25881 -3.34869 206.238)
0.000401798   (5.86936 -3.06309 206.115)
0.000402725   (6.33282 -2.69204 206.106)
0.000403656   (6.59867 -2.25482 206.179)
0.000404587   (6.62589 -1.76402 206.271)
0.00040552    (6.39582 -1.23826 206.291)
0.000406449   (5.91949 -0.708739 206.149)
0.000407372   (5.22734 -0.214046 205.787)
0.000408291   (4.41942 0.217234 205.17)
0.000409206   (3.60661 0.565451 204.314)
0.000410117   (2.91627 0.820995 203.277)
0.000411025   (2.44619 0.981888 202.153)
0.000411931   (2.20725 1.06716 201.019)
0.000412836   (2.15243 1.11031 199.942)
0.000413741   (2.17897 1.1528 198.942)
0.000414646   (2.20216 1.23251 198.015)
0.000415552   (2.18686 1.35924 197.157)
0.000416459   (2.12022 1.50657 196.392)
0.000417369   (2.00002 1.62575 195.784)
0.000418284   (1.84427 1.66413 195.43)
0.000419203   (1.70003 1.59208 195.413)
0.00042013    (1.63993 1.43877 195.79)
0.000421062   (1.769 1.24755 196.519)
0.000421993   (2.13185 1.10883 197.537)
0.000422923   (2.73342 1.08657 198.76)
0.000423852   (3.51862 1.21006 200.018)
0.000424782   (4.35618 1.47148 201.289)
0.000425713   (5.09714 1.83327 202.588)
0.000426647   (5.6083 2.2603 203.976)
0.000427581   (5.79077 2.65571 205.507)
0.000428518   (5.60136 2.88185 207.154)
0.000429456   (5.07474 2.81088 208.756)
0.000430385   (4.32089 2.38189 210.086)
0.000431307   (3.48632 1.66159 210.994)
0.000432223   (2.71994 0.787243 211.448)
0.000433135   (2.13577 -0.0984314 211.511)
0.000434046   (1.79101 -0.901063 211.247)
0.000434956   (1.69271 -1.55581 210.785)
0.000435867   (1.80993 -2.03315 210.188)
0.00043678    (2.09598 -2.36167 209.525)
0.000437697   (2.49388 -2.61532 208.876)
0.000438618   (2.93978 -2.89385 208.325)
0.000439544   (3.36451 -3.298 207.97)
0.000440477   (3.68791 -3.85784 207.877)
0.000441415   (3.83165 -4.53173 208.04)
0.000442358   (3.72403 -5.2006 208.396)
0.000443305   (3.28064 -5.6858 208.791)
0.000444253   (2.37806 -5.79112 208.991)
0.000445204   (0.887022 -5.30313 208.767)
0.000446157   (-1.22196 -4.06965 207.976)
0.000447112   (-3.76932 -2.14124 206.73)
0.000448068   (-6.31194 0.200053 205.228)
0.000449022   (-8.34435 2.42276 204.259)
0.000449977   (-9.39084 4.06378 203.91)
0.000450931   (-9.27854 4.84823 204.396)
0.000451886   (-8.2194 4.82095 205.645)
0.000452838   (-6.64662 4.25227 207.373)
0.000453791   (-4.96278 3.42487 209.433)
0.000454744   (-3.5445 2.5658 211.378)
0.000455697   (-2.32229 1.91425 213.184)
0.000456649   (-1.21028 1.47596 214.78)
0.000457602   (-0.0573238 1.29099 216.053)
0.000458553   (1.20672 1.32181 216.906)
0.000459504   (2.52154 1.48792 217.333)
0.000460455   (3.75828 1.71664 217.38)
0.000461404   (4.74778 1.94842 217.138)
0.000462354   (5.39696 2.1003 216.757)
0.000463305   (5.72497 2.08303 216.349)
0.000464252   (5.8171 1.83906 215.964)
0.000465194   (5.74117 1.36007 215.577)
0.000466132   (5.50815 0.699284 215.105)
0.000467065   (5.07935 -0.0951994 214.495)
0.000467994   (4.40101 -0.990933 213.745)
0.00046892    (3.5052 -1.96562 212.918)
0.000469844   (2.44365 -3.00857 212.098)
0.000470767   (1.28634 -4.09119 211.334)
0.000471689   (0.103283 -5.15079 210.716)
0.00047261    (-1.00249 -6.11433 210.208)
0.000473531   (-2.01178 -6.83761 209.758)
0.000474453   (-2.83792 -7.19488 209.289)
0.000475376   (-3.39256 -7.08715 208.732)
0.0004763     (-3.56808 -6.51799 207.994)
0.000477226   (-3.35399 -5.66647 207.048)
0.000478152   (-2.80004 -4.67209 206.025)
0.000479082   (-2.0065 -3.76023 205.007)
0.000480014   (-1.10783 -3.04899 204.019)
0.000480949   (-0.200289 -2.56166 203.049)
0.000481887   (0.659907 -2.27864 202.071)
0.000482825   (1.43981 -2.16505 201.097)
0.000483764   (2.13549 -2.16769 200.166)
0.000484702   (2.74775 -2.23391 199.31)
0.000485641   (3.27187 -2.3261 198.556)
0.000486579   (3.70521 -2.41679 197.919)
0.000487518   (4.0456 -2.50102 197.407)
0.000488456   (4.29405 -2.59386 197.029)
0.000489395   (4.46364 -2.70031 196.812)
0.000490333   (4.57507 -2.86608 196.803)
0.000491272   (4.63709 -3.07454 197.014)
0.00049221    (4.661 -3.29415 197.575)
0.000493149   (4.63444 -3.49448 198.408)
0.000494087   (4.56889 -3.59283 199.526)
0.000495026   (4.46989 -3.56294 200.84)
0.000495964   (4.3943 -3.3858 202.238)
0.000496903   (4.4023 -3.08961 203.643)
0.000497841   (4.55873 -2.7526 204.948)
0.00049878    (4.80939 -2.37103 206.037)
0.000499718   (5.13341 -2.02962 206.862)
0.000500664   (5.36328 -1.7693 207.175)
0.000501611   (5.31282 -1.60711 207.027)
0.000502558   (4.83534 -1.53454 206.412)
0.000503507   (3.89015 -1.48126 205.465)
0.000504456   (2.51983 -1.4284 204.413)
0.000505409   (0.922044 -1.31365 203.52)
0.000506366   (-0.667477 -1.1418 203.019)
0.00050733    (-2.07324 -0.955923 203.012)
0.000508294   (-3.19669 -0.838679 203.456)
0.000509256   (-3.94568 -0.787732 204.35)
0.000510217   (-4.36222 -0.765618 205.565)
0.000511177   (-4.5287 -0.724265 206.954)
0.000512135   (-4.53205 -0.644088 208.397)
0.000513091   (-4.43282 -0.542241 209.762)
0.000514045   (-4.23728 -0.46447 210.95)
0.000514997   (-3.94365 -0.454514 211.939)
0.000515947   (-3.5263 -0.562388 212.639)
0.000516895   (-2.9795 -0.808544 213.077)
0.000517842   (-2.31117 -1.17657 213.24)
0.000518788   (-1.54121 -1.6099 213.125)
0.000519734   (-0.703412 -2.03393 212.757)
0.000520679   (0.176248 -2.37317 212.185)
0.000521624   (1.05064 -2.56179 211.469)
0.000522569   (1.87928 -2.55163 210.681)
0.000523514   (2.61448 -2.32961 209.908)
0.00052446    (3.20941 -1.90217 209.236)
0.000525406   (3.59976 -1.2979 208.745)
0.000526353   (3.77996 -0.586794 208.488)
0.000527297   (3.69385 0.141839 208.48)
0.000528241   (3.29861 0.767323 208.675)
0.000529182   (2.5408 1.146 208.983)
0.000530123   (1.4141 1.19507 209.308)
0.000531063   (-0.0723073 0.967722 209.597)
0.000532003   (-1.74525 0.609967 209.854)
0.000532942   (-3.39607 0.408467 210.057)
0.000533881   (-4.81684 0.618373 210.048)
0.000534819   (-5.70585 1.38391 209.574)
0.000535758   (-5.65171 2.68266 208.382)
0.000536697   (-4.36252 4.31842 206.363)
0.000537636   (-1.9315 5.97516 203.635)
0.000538574   (1.09548 7.3353 200.559)
0.000539511   (3.90553 8.26304 197.618)
0.000540446   (5.83893 8.78729 195.221)
0.000541381   (6.69228 8.98482 193.528)
0.000542315   (6.61112 8.98738 192.467)
0.000543249   (5.89451 8.9484 191.854)
0.000544184   (4.86841 8.9812 191.509)
0.000545118   (3.81747 9.11748 191.304)
0.000546054   (2.96144 9.32016 191.169)
0.00054699    (2.41337 9.50947 191.048)
0.000547927   (2.17771 9.6108 190.98)
0.000548865   (2.16531 9.59194 190.929)
0.000549804   (2.27685 9.45177 190.878)
0.000550746   (2.42651 9.23165 190.838)
0.000551689   (2.58192 8.96754 190.795)
0.000552634   (2.7625 8.63255 190.726)
0.000553581   (2.99726 8.11877 190.625)
0.000554529   (3.29183 7.27785 190.515)
0.000555475   (3.6137 5.99969 190.486)
0.000556415   (3.9071 4.34784 190.71)
0.000557348   (4.15507 2.60945 191.419)
0.000558278   (4.42519 1.2478 192.805)
0.000559207   (4.81867 0.664945 194.885)
0.000560135   (5.31883 0.913907 197.462)
0.000561063   (5.71405 1.55637 200.109)
0.000561985   (5.70492 2.13357 202.416)
0.000562904   (5.11457 2.30756 204.117)
0.000563819   (4.11422 2.02053 204.888)
0.000564732   (2.80694 1.43736 205.19)
0.00056564    (1.4892 0.772984 205.244)
0.000566543   (0.38808 0.120267 205.334)
0.000567444   (-0.375063 -0.381571 205.641)
0.000568343   (-0.784072 -0.741431 206.402)
0.000569244   (-0.929511 -1.00801 207.56)
0.000570145   (-0.929276 -1.27258 209.063)
0.000571049   (-0.882744 -1.56944 210.82)
0.000571957   (-0.853179 -1.92716 212.686)
0.000572869   (-0.83806 -2.32255 214.544)
0.000573786   (-0.781199 -2.72115 216.21)
0.000574706   (-0.613615 -3.06719 217.592)
0.00057563    (-0.292792 -3.32866 218.614)
0.000576554   (0.204738 -3.48299 219.213)
0.000577475   (0.864334 -3.52789 219.404)
0.000578396   (1.63785 -3.46791 219.213)
0.000579317   (2.47345 -3.30356 218.695)
0.000580238   (3.32388 -3.02979 217.908)
0.000581161   (4.14518 -2.63143 216.902)
0.000582085   (4.90185 -2.10571 215.726)
0.000583011   (5.55909 -1.46694 214.444)
0.000583939   (6.08285 -0.74287 213.095)
0.000584862   (6.45384 0.0372501 211.705)
0.000585779   (6.65022 0.848847 210.281)
0.000586691   (6.67289 1.67173 208.78)
0.0005876     (6.52781 2.48722 207.147)
0.000588504   (6.20858 3.28963 205.353)
0.000589401   (5.70887 4.07481 203.406)
0.000590291   (5.03555 4.83053 201.381)
0.000591176   (4.23067 5.52717 199.416)
0.000592057   (3.34606 6.10779 197.707)
0.000592934   (2.46796 6.48604 196.469)
0.000593811   (1.65997 6.63031 195.862)
0.000594689   (0.982818 6.45806 196.218)
0.000595569   (0.460612 6.09764 197.434)
0.000596453   (0.184924 5.73008 199.407)
0.000597343   (0.249709 5.54528 201.811)
0.000598235   (0.703015 5.57215 204.189)
0.000599126   (1.39786 5.64565 206.241)
0.000600014   (2.13897 5.51581 207.388)
0.000600901   (2.67894 4.88691 207.796)
0.000601786   (2.98149 3.62592 207.516)
0.000602669   (3.02177 1.68633 206.708)
0.000603552   (2.83189 -0.693317 205.607)
0.000604435   (2.47166 -3.1366 204.437)
0.000605317   (2.04125 -5.26434 203.389)
0.000606198   (1.62731 -6.86122 202.593)
0.000607079   (1.30325 -7.8616 201.986)
0.000607959   (1.07259 -8.29986 201.457)
0.000608837   (0.883458 -8.24967 200.923)
0.000609712   (0.672489 -7.80447 200.341)
0.000610586   (0.384695 -7.07383 199.714)
0.000611458   (-0.0103399 -6.1744 199.062)
0.000612329   (-0.547904 -5.21006 198.416)
0.000613198   (-1.2314 -4.24159 197.8)
0.000614065   (-2.058 -3.29048 197.226)
0.000614932   (-3.00133 -2.36619 196.728)
0.000615797   (-4.00752 -1.47822 196.31)
0.000616662   (-5.00185 -0.673736 196.108)
0.000617526   (-5.90638 -0.00859547 196.189)
0.000618389   (-6.63095 0.469055 196.542)
0.000619253   (-7.07001 0.746875 197.176)
0.000620117   (-7.09783 0.857501 197.956)
0.000620981   (-6.50999 0.832364 198.635)
0.000621846   (-5.1762 0.688115 198.93)
0.000622712   (-3.15646 0.409106 198.719)
0.000623579   (-0.776698 -0.102372 198.169)
0.000624447   (1.36762 -0.850271 197.712)
0.000625318   (2.86294 -1.71509 197.732)
0.00062619    (3.54796 -2.64424 198.442)
0.000627064   (3.59151 -3.52746 199.673)
0.000627941   (3.25982 -4.27392 201.088)
0.000628821   (2.77158 -4.78096 202.374)
0.000629705   (2.217 -4.95241 203.384)
0.000630593   (1.61085 -4.81363 204.152)
0.000631485   (0.926248 -4.45933 204.682)
0.000632381   (0.165538 -3.99585 205.201)
0.000633283   (-0.633807 -3.54139 205.777)
0.00063419    (-1.4078 -3.21296 206.466)
0.000635102   (-2.08658 -3.06728 207.262)
0.000636015   (-2.62088 -3.1045 208.118)
0.000636928   (-3.00199 -3.29435 208.993)
0.000637842   (-3.25764 -3.58044 209.857)
0.000638759   (-3.42854 -3.91954 210.628)
0.000639681   (-3.50795 -4.26079 211.37)
0.000640607   (-3.49101 -4.55521 212.066)
0.000641532   (-3.33967 -4.75923 212.726)
0.000642457   (-3.00112 -4.83992 213.328)
0.000643385   (-2.42668 -4.77628 213.803)
0.000644316   (-1.58916 -4.56925 214.06)
0.000645251   (-0.586093 -4.25074 214.028)
0.000646194   (0.381704 -3.87817 213.607)
0.000647144   (1.12763 -3.52354 212.806)
0.000648098   (1.49177 -3.25002 211.706)
0.000649048   (1.52217 -3.12062 210.416)
0.000649994   (1.40431 -3.16519 209.055)
0.000650938   (1.38123 -3.38336 207.722)
0.000651881   (1.56845 -3.74334 206.494)
0.000652822   (2.03018 -4.18266 205.421)
0.000653764   (2.72618 -4.59164 204.528)
0.000654708   (3.56479 -4.809 203.816)
0.000655656   (4.43428 -4.67429 203.235)
0.000656609   (5.22338 -4.01353 202.691)
0.000657569   (5.83872 -2.71066 202.091)
0.000658532   (6.22912 -0.765658 201.342)
0.000659495   (6.40289 1.6423 200.386)
0.000660457   (6.47339 4.17623 199.216)
0.000661418   (6.58591 6.48952 197.824)
0.000662377   (6.78855 8.32485 196.257)
0.000663334   (7.00759 9.51762 194.627)
0.000664291   (7.03221 9.98845 193.153)
0.000665248   (6.60563 9.70275 192.135)
0.000666204   (5.52655 8.80216 191.805)
0.00066716    (3.74021 7.46468 192.43)
0.000668118   (1.47817 6.01763 194.134)
0.000669075   (-0.780251 4.84436 196.809)
0.00067003    (-2.50471 4.18633 200.093)
0.000670985   (-3.45029 3.94831 203.449)
0.000671939   (-3.75809 3.89137 206.399)
0.000672891   (-3.78325 3.76999 208.65)
0.000673842   (-3.72688 3.47464 210.101)
0.000674791   (-3.77956 3.01374 210.924)
0.000675736   (-4.01487 2.50942 211.17)
0.000676679   (-4.44553 2.07237 210.919)
0.000677617   (-4.99048 1.84523 210.223)
0.000678552   (-5.49414 1.90411 209.139)
0.000679486   (-5.79577 2.26152 207.744)
0.000680418   (-5.81382 2.8737 206.127)
0.000681352   (-5.54103 3.65618 204.345)
0.000682289   (-4.99159 4.48565 202.432)
0.000683227   (-4.17342 5.23128 200.441)
0.000684161   (-3.1003 5.76842 198.485)
0.000685082   (-1.83302 5.99362 196.744)
0.000685989   (-0.4806 5.87394 195.385)
0.000686882   (0.819824 5.44958 194.498)
0.000687763   (1.95912 4.81429 194.1)
0.000688635   (2.88171 4.08322 194.088)
0.0006895     (3.56654 3.38061 194.329)
0.000690359   (4.00849 2.82973 194.661)
0.000691215   (4.22531 2.5354 194.932)
0.000692068   (4.23825 2.57928 195.033)
0.000692921   (4.10658 2.9945 194.862)
0.000693775   (3.91504 3.73778 194.368)
0.000694632   (3.74617 4.68488 193.564)
0.000695492   (3.67787 5.64686 192.528)
0.000696357   (3.75756 6.41848 191.369)
0.000697229   (4.01362 6.86459 190.201)
0.000698107   (4.46161 6.92926 189.098)
0.000698994   (5.06076 6.63263 188.105)
0.00069989    (5.68198 6.01546 187.27)
0.000700796   (6.10624 5.12164 186.653)
0.000701713   (6.07852 3.99004 186.317)
0.00070264    (5.40799 2.7047 186.329)
0.000703564   (4.11968 1.43317 186.748)
0.000704483   (2.48712 0.338764 187.662)
0.000705399   (0.938367 -0.538659 189.045)
0.000706313   (-0.154054 -1.35819 190.749)
0.000707227   (-0.65167 -2.39835 192.482)
0.000708143   (-0.68824 -3.75855 193.965)
0.000709062   (-0.476128 -5.20091 195.052)
0.000709977   (-0.181553 -6.32465 195.738)
0.00071089    (0.0912667 -6.83428 196.086)
0.000711802   (0.276719 -6.65838 196.148)
0.000712715   (0.351143 -5.95297 195.943)
0.000713629   (0.345309 -5.00189 195.484)
0.000714546   (0.330263 -4.09422 194.796)
0.000715466   (0.392613 -3.44376 193.934)
0.000716384   (0.622777 -3.13937 192.983)
0.0007173     (1.09436 -3.12888 192.045)
0.000718214   (1.86347 -3.24143 191.232)
0.000719127   (2.92689 -3.2592 190.693)
0.000720039   (4.18734 -2.99678 190.607)
0.000720952   (5.45415 -2.39951 191.169)
0.000721867   (6.47909 -1.53647 192.517)
0.000722783   (7.06435 -0.625761 194.654)
0.000723701   (7.19489 0.0209076 197.218)
0.000724621   (6.88639 0.108321 199.783)
0.000725546   (6.21591 -0.468643 201.954)
0.000726478   (5.30509 -1.55208 203.548)
0.000727418   (4.28389 -2.72128 204.654)
0.000728367   (3.2574 -3.46632 205.584)
0.000729317   (2.27155 -3.49678 206.562)
0.000730261   (1.37863 -2.95879 207.622)
0.000731199   (0.587488 -2.04765 208.611)
0.000732132   (0.00846275 -0.964386 209.323)
0.000733059   (-0.239652 0.238098 209.566)
0.000733982   (-0.0660447 1.52139 209.382)
0.0007349     (0.574796 2.76767 208.871)
0.000735813   (1.66815 3.80075 208.166)
0.000736724   (3.09989 4.46425 207.452)
0.000737632   (4.69844 4.69817 206.836)
0.000738538   (6.27232 4.50042 206.285)
0.000739443   (7.64141 3.91285 205.818)
0.000740348   (8.69806 3.05996 205.287)
0.000741253   (9.35429 2.03648 204.567)
0.000742158   (9.51869 1.04556 203.615)
0.000743058   (9.12983 0.273836 202.484)
0.00074395    (8.1868 -0.168964 201.319)
0.000744837   (6.77055 -0.261624 200.284)
0.00074572    (5.06109 -0.0317572 199.532)
0.000746599   (3.29615 0.463387 199.187)
0.000747476   (1.78819 1.14008 199.094)
0.000748352   (0.634763 1.88415 199.336)
0.000749229   (-0.0770737 2.65979 199.811)
0.000750107   (-0.427698 3.37984 200.407)
0.000750988   (-0.582325 3.98822 200.996)
0.000751873   (-0.716928 4.47881 201.432)
0.000752761   (-0.94582 4.83613 201.589)
0.000753654   (-1.30373 5.03088 201.37)
0.000754552   (-1.77011 5.03323 200.731)
0.000755454   (-2.28946 4.82382 199.687)
0.000756361   (-2.79336 4.40534 198.305)
0.000757273   (-3.21861 3.79739 196.697)
0.000758187   (-3.51776 3.03697 195.019)
0.000759104   (-3.67661 2.16585 193.447)
0.000760023   (-3.71892 1.22705 192.132)
0.000760944   (-3.68399 0.269344 191.23)
0.000761868   (-3.61421 -0.642703 190.862)
0.000762795   (-3.53188 -1.43688 191.004)
0.000763721   (-3.45685 -2.05374 191.63)
0.000764647   (-3.39796 -2.4788 192.638)
0.000765573   (-3.39311 -2.73358 193.839)
0.000766498   (-3.51758 -2.88161 195.088)
0.000767424   (-3.85949 -2.98012 196.198)
0.000768351   (-4.45663 -3.07685 197.025)
0.000769278   (-5.25675 -3.18767 197.491)
0.000770208   (-6.0568 -3.29039 197.603)
0.000771138   (-6.60271 -3.36939 197.413)
0.00077207    (-6.62672 -3.42072 197.095)
0.000773004   (-5.94944 -3.49491 196.737)
0.000773936   (-4.60318 -3.6298 196.453)
0.000774867   (-2.83461 -3.80451 196.343)
0.000775797   (-1.01945 -3.94911 196.465)
0.000776725   (0.494825 -3.97596 196.825)
0.000777653   (1.48993 -3.82597 197.389)
0.000778579   (1.96599 -3.51219 198.071)
0.000779505   (2.09293 -3.10701 198.756)
0.000780428   (2.03684 -2.68736 199.408)
0.000781351   (1.98478 -2.36008 199.764)
0.000782273   (2.04009 -2.1721 199.871)
0.000783194   (2.27752 -2.11655 199.707)
0.000784116   (2.72289 -2.20345 199.279)
0.000785037   (3.3248 -2.40143 198.676)
0.000785955   (3.95995 -2.65859 198.015)
0.000786868   (4.46999 -2.90489 197.391)
0.000787776   (4.72754 -3.08699 196.995)
0.000788681   (4.64611 -3.19939 196.82)
0.000789584   (4.25179 -3.24599 196.95)
0.000790485   (3.65919 -3.23609 197.432)
0.000791385   (3.03279 -3.20201 198.301)
0.000792283   (2.51702 -3.18445 199.591)
0.000793181   (2.16878 -3.22448 201.322)
0.000794078   (1.92593 -3.33934 203.472)
0.000794978   (1.65809 -3.50779 205.955)
0.000795879   (1.24214 -3.63035 208.607)
0.000796784   (0.646742 -3.66383 211.3)
0.000797691   (-0.0880661 -3.57027 213.737)
0.000798602   (-0.880012 -3.36053 215.698)
0.000799517   (-1.63661 -3.12915 217.176)
0.000800437   (-2.3073 -2.88769 218.062)
0.000801361   (-2.86286 -2.68346 218.346)
0.000802288   (-3.26632 -2.50044 218.066)
0.000803218   (-3.47809 -2.30031 217.319)
0.000804149   (-3.47115 -2.05904 216.231)
0.000805084   (-3.22388 -1.77635 214.946)
0.000806021   (-2.74705 -1.48404 213.608)
0.000806953   (-2.08241 -1.22661 212.343)
0.000807879   (-1.27979 -1.0334 211.252)
0.0008088     (-0.379566 -0.918098 210.391)
0.000809716   (0.554605 -0.881444 209.784)
0.00081063    (1.44901 -0.909019 209.422)
0.000811541   (2.23912 -0.944864 209.263)
0.000812452   (2.90062 -0.9379 209.271)
0.000813362   (3.39494 -0.863876 209.372)
0.000814274   (3.69709 -0.707964 209.501)
0.000815188   (3.78733 -0.489913 209.583)
0.000816104   (3.66019 -0.229695 209.518)
0.000817022   (3.34251 0.0599567 209.249)
0.00081794    (2.89973 0.380258 208.749)
0.000818858   (2.39707 0.757645 208.031)
0.000819774   (1.91332 1.20126 207.139)
0.00082069    (1.50257 1.72587 206.136)
0.000821605   (1.19176 2.32594 205.09)
0.000822521   (0.983705 2.97543 204.07)
0.000823438   (0.869286 3.6334 203.16)
0.000824358   (0.834812 4.25913 202.444)
0.000825283   (0.868603 4.81621 202.009)
0.000826219   (0.956665 5.28838 201.921)
0.000827155   (1.09511 5.64433 202.175)
0.00082809    (1.26249 5.87568 202.76)
0.000829026   (1.43502 5.94373 203.52)
0.000829961   (1.57646 5.8304 204.327)
0.000830895   (1.64386 5.52217 205.058)
0.000831828   (1.59611 5.03351 205.623)
0.000832757   (1.41579 4.41566 205.978)
0.000833678   (1.12489 3.7373 206.125)
0.000834594   (0.775925 3.07468 206.098)
0.000835503   (0.437723 2.47779 205.935)
0.000836407   (0.178819 2.00154 205.684)
0.000837304   (0.0509719 1.66307 205.39)
0.000838193   (0.0644721 1.46739 205.018)
0.000839075   (0.190987 1.41487 204.593)
0.000839952   (0.393915 1.48541 204.093)
0.000840826   (0.607658 1.66368 203.488)
0.000841696   (0.78967 1.93523 202.763)
0.000842567   (0.890007 2.2867 201.918)
0.000843439   (0.873534 2.70416 200.975)
0.000844314   (0.724347 3.17346 199.978)
0.000845194   (0.442888 3.67508 198.994)
0.000846078   (0.0483212 4.18334 198.098)
0.000846969   (-0.423323 4.67404 197.364)
0.000847867   (-0.925898 5.12845 196.836)
0.000848773   (-1.43151 5.53942 196.529)
0.000849688   (-1.8839 5.87931 196.413)
0.00085061    (-2.27539 6.11241 196.397)
0.00085154    (-2.59643 6.15152 196.476)
0.000852477   (-2.85966 5.87251 196.628)
0.00085341    (-3.08198 5.21709 196.915)
0.000854333   (-3.32564 4.22531 197.459)
0.000855247   (-3.61904 3.05055 198.353)
0.000856153   (-3.96414 1.90388 199.615)
0.000857054   (-4.33029 0.958251 201.177)
0.000857951   (-4.6614 0.305882 202.884)
0.000858848   (-4.87828 -0.0449862 204.53)
0.000859747   (-4.95521 -0.17744 205.968)
0.000860651   (-4.84456 -0.148251 206.954)
0.00086156    (-4.54898 -0.0269236 207.527)
0.000862475   (-4.10653 0.16522 207.675)
0.000863395   (-3.54438 0.409024 207.465)
0.000864322   (-2.92575 0.673992 206.97)
0.000865255   (-2.28555 0.911727 206.285)
0.000866192   (-1.65258 1.07837 205.537)
0.000867127   (-1.04706 1.15864 204.867)
0.000868061   (-0.485023 1.17169 204.382)
0.000868992   (0.00576271 1.15322 204.137)
0.000869922   (0.387795 1.11584 204.134)
0.000870851   (0.622413 1.04569 204.341)
0.00087178    (0.683661 0.898849 204.694)
0.000872708   (0.564957 0.611333 205.109)
0.000873636   (0.283734 0.126684 205.503)
0.000874564   (-0.118321 -0.576743 205.814)
0.000875492   (-0.570684 -1.46631 206)
0.00087642    (-0.972633 -2.4093 206.054)
0.000877349   (-1.24706 -3.22051 205.991)
0.00087828    (-1.3783 -3.66011 205.864)
0.000879213   (-1.34822 -3.58764 205.724)
0.000880148   (-1.15448 -3.02022 205.611)
0.000881087   (-0.849929 -2.13829 205.561)
0.00088203    (-0.528802 -1.13794 205.554)
0.000882976   (-0.3637 -0.161981 205.539)
0.000883923   (-0.48528 0.731011 205.483)
0.000884858   (-0.870587 1.51196 205.438)
0.000885781   (-1.37706 2.1837 205.448)
0.000886695   (-1.84785 2.76886 205.524)
0.000887601   (-2.18247 3.26834 205.612)
0.000888503   (-2.35192 3.65997 205.64)
0.000889402   (-2.38693 3.90218 205.546)
0.000890299   (-2.36136 3.95809 205.304)
0.000891197   (-2.35867 3.80723 204.936)
0.0008921     (-2.43323 3.46838 204.514)
0.000893008   (-2.61578 2.99264 204.116)
0.000893925   (-2.87196 2.45994 203.922)
0.000894854   (-3.13724 1.92023 204.022)
0.000895797   (-3.30901 1.3864 204.569)
0.00089675    (-3.27205 0.847528 205.642)
0.000897703   (-2.95425 0.302796 207.204)
0.000898657   (-2.37883 -0.165452 209.066)
0.00089961    (-1.66918 -0.43101 211.04)
0.000900564   (-1.03054 -0.378107 212.753)
0.000901518   (-0.513213 -0.0679011 213.976)
0.000902472   (-0.24433 0.392377 214.74)
0.000903424   (-0.19564 0.838144 215.053)
0.000904373   (-0.296575 1.178 215.017)
0.000905321   (-0.484296 1.36567 214.736)
0.000906265   (-0.709258 1.39435 214.284)
0.000907208   (-0.939216 1.29516 213.712)
0.000908149   (-1.13733 1.10734 213.071)
0.000909088   (-1.29494 0.867973 212.402)
0.000910025   (-1.3881 0.607561 211.742)
0.000910963   (-1.39882 0.350264 211.126)
0.000911899   (-1.31633 0.108825 210.585)
0.000912835   (-1.13984 -0.105043 210.146)
0.000913769   (-0.886733 -0.288891 209.838)
0.000914699   (-0.590949 -0.447285 209.682)
0.000915627   (-0.301338 -0.590878 209.685)
0.000916552   (-0.0609411 -0.732607 209.849)
0.000917475   (0.0897044 -0.886653 210.149)
0.000918397   (0.127307 -1.06324 210.55)
0.00091932    (0.0567311 -1.26312 211.009)
0.000920245   (-0.10539 -1.47816 211.485)
0.000921172   (-0.323559 -1.71061 211.945)
0.000922102   (-0.549627 -1.95395 212.354)
0.000923033   (-0.735566 -2.19418 212.684)
0.000923965   (-0.835179 -2.41586 212.91)
0.000924901   (-0.80669 -2.59658 213.007)
0.000925836   (-0.612854 -2.70156 212.944)
0.000926771   (-0.225159 -2.6999 212.699)
0.000927704   (0.370806 -2.56996 212.261)
0.000928638   (1.17324 -2.30969 211.665)
0.000929572   (2.14155 -1.93307 210.98)
0.000930506   (3.21895 -1.46967 210.31)
0.00093144    (4.28682 -0.944482 209.858)
0.000932376   (5.20835 -0.390589 209.696)
0.000933312   (5.82483 0.173879 209.877)
0.000934248   (5.9477 0.764857 210.295)
0.000935186   (5.48008 1.38479 210.727)
0.000936124   (4.48268 1.98584 210.988)
0.000937062   (3.19062 2.42325 210.842)
0.000938002   (1.89408 2.54762 210.441)
0.000938943   (0.69078 2.25438 209.811)
0.000939885   (-0.326203 1.51301 209.024)
0.000940828   (-1.11511 0.502227 208.173)
0.000941772   (-1.63592 -0.614196 207.341)
0.000942717   (-1.86416 -1.71996 206.613)
0.000943663   (-1.81247 -2.76028 206.066)
0.00094461    (-1.50475 -3.7148 205.706)
0.000945559   (-0.991224 -4.55755 205.685)
0.00094651    (-0.321506 -5.20036 205.987)
0.000947461   (0.483079 -5.60432 206.573)
0.000948415   (1.3378 -5.63513 207.335)
0.000949371   (2.1393 -5.19738 208.064)
0.000950328   (2.78913 -4.27234 208.551)
0.000951288   (3.26528 -2.94468 208.581)
0.000952249   (3.5623 -1.50619 208.313)
0.000953212   (3.74221 -0.108707 207.888)
0.000954173   (3.84402 1.07773 207.46)
0.000955131   (3.871 1.99956 207.161)
0.000956088   (3.82995 2.68531 207.037)
0.000957042   (3.74635 3.176 207.09)
0.000957995   (3.63966 3.50882 207.291)
0.000958948   (3.49493 3.7134 207.601)
0.000959899   (3.25512 3.80437 207.962)
0.000960851   (2.85018 3.77546 208.306)
0.000961801   (2.2545 3.62025 208.564)
0.000962753   (1.53163 3.33036 208.676)
0.000963706   (0.838631 2.90864 208.58)
0.00096466    (0.372899 2.35886 208.202)
0.000965616   (0.296987 1.67922 207.461)
0.000966574   (0.680884 0.872437 206.299)
0.000967532   (1.46929 -0.0317883 204.724)
0.000968492   (2.51842 -0.966741 202.865)
0.000969453   (3.62257 -1.82442 200.937)
0.000970413   (4.60436 -2.52599 199.14)
0.000971374   (5.33159 -3.00995 197.766)
0.000972332   (5.80602 -3.2792 196.899)
0.00097329    (6.01886 -3.36071 196.572)
0.000974247   (6.02354 -3.3444 196.764)
0.000975203   (5.86682 -3.29254 197.35)
0.000976156   (5.56523 -3.28945 198.161)
0.00097711    (5.11157 -3.39698 199.112)
0.000978064   (4.53626 -3.65303 200.051)
0.000979016   (3.82339 -4.06878 200.976)
0.000979966   (3.0414 -4.61766 201.905)
0.000980915   (2.241 -5.23415 202.831)
0.000981865   (1.4496 -5.81533 203.718)
0.000982814   (0.6681 -6.24399 204.479)
0.000983764   (-0.120965 -6.41304 204.998)
0.000984713   (-0.90364 -6.25915 205.203)
0.000985665   (-1.61631 -5.7602 205.061)
0.000986621   (-2.14967 -4.97157 204.619)
0.000987577   (-2.41376 -3.96155 204.034)
0.000988532   (-2.36288 -2.8155 203.341)
0.000989488   (-2.05046 -1.58982 202.669)
0.000990443   (-1.54811 -0.364957 202.019)
0.000991399   (-0.889949 0.728387 201.362)
0.000992355   (-0.130876 1.53971 200.691)
0.00099331    (0.693618 1.93449 200.025)
0.000994266   (1.54733 1.85836 199.396)
0.000995222   (2.3935 1.37829 198.83)
0.000996177   (3.18528 0.656409 198.34)
0.000997133   (3.87903 -0.126887 197.938)
0.000998089   (4.44916 -0.814946 197.609)
0.000999044   (4.88728 -1.31667 197.32)
0.001         (5.19564 -1.60504 197.046)
0.00100095    (5.38428 -1.7043 196.776)
0.00100191    (5.47081 -1.67181 196.518)
0.00100286    (5.47792 -1.58047 196.291)
0.00100381    (5.43349 -1.49674 196.123)
0.00100476    (5.36584 -1.47694 196.036)
0.00100571    (5.30177 -1.53217 196.053)
0.00100665    (5.26215 -1.64594 196.151)
0.00100759    (5.24157 -1.77852 196.372)
0.00100854    (5.23444 -1.87089 196.706)
0.00100949    (5.21629 -1.86776 197.147)
0.00101045    (5.16331 -1.74114 197.76)
0.0010114     (5.07044 -1.54521 198.611)
0.00101236    (4.93195 -1.36524 199.754)
0.00101332    (4.71755 -1.30147 201.216)
0.00101428    (4.37083 -1.38329 202.966)
0.00101524    (3.85384 -1.52053 204.875)
0.0010162     (3.17682 -1.54049 206.878)
0.00101715    (2.52182 -1.35153 208.572)
0.00101809    (1.91548 -0.954399 209.967)
0.00101904    (1.43702 -0.445207 211.053)
0.00101998    (1.0656 0.037298 211.834)
0.00102091    (0.74654 0.370364 212.347)
0.00102185    (0.430008 0.53997 212.648)
0.00102278    (0.101547 0.526401 212.774)
0.00102372    (-0.220354 0.35012 212.732)
0.00102465    (-0.496918 0.0533121 212.521)
0.00102559    (-0.68284 -0.319966 212.14)
0.00102653    (-0.736212 -0.734546 211.603)
0.00102747    (-0.631692 -1.16479 210.935)
0.00102841    (-0.368701 -1.59558 210.168)
0.00102936    (0.0240065 -2.01609 209.347)
0.0010303     (0.500172 -2.41829 208.496)
0.00103124    (1.01574 -2.7915 207.615)
0.00103219    (1.53962 -3.12886 206.668)
0.00103314    (2.061 -3.42919 205.598)
0.00103409    (2.58032 -3.67975 204.351)
0.00103504    (3.10503 -3.82778 202.911)
0.00103599    (3.63581 -3.78369 201.318)
0.00103695    (4.15579 -3.46002 199.692)
0.0010379     (4.62229 -2.82834 198.237)
0.00103887    (4.95915 -1.95738 197.211)
0.00103983    (5.10555 -1.01674 196.81)
0.00104079    (5.02079 -0.231268 197.242)
0.00104175    (4.68599 0.18576 198.406)
0.00104272    (4.11881 0.089061 200.118)
0.00104368    (3.33191 -0.496884 202.017)
0.00104465    (2.32077 -1.37177 203.706)
0.00104562    (1.18587 -2.20826 204.96)
0.00104658    (0.115324 -2.78666 205.653)
