# Probe 0 (0 0 0.76)
# Time        0            
0             777.701      
3.10415e-07   777.639      
1.19195e-06   777.338      
2.10977e-06   777.458      
3.02911e-06   777.64       
3.94683e-06   777.031      
4.86074e-06   776.457      
5.77176e-06   775.788      
6.68246e-06   774.49       
7.59522e-06   773.174      
8.51005e-06   771.912      
9.42757e-06   770.588      
1.03481e-05   769.294      
1.12703e-05   768.23       
1.21952e-05   767.927      
1.31221e-05   767.967      
1.40505e-05   768.675      
1.49793e-05   770.099      
1.59096e-05   771.908      
1.68424e-05   773.924      
1.77768e-05   776.3        
1.87126e-05   779.273      
1.96494e-05   782.756      
2.05865e-05   786.277      
2.15236e-05   789.175      
2.24614e-05   790.771      
2.34006e-05   791.236      
2.43414e-05   791.411      
2.52839e-05   791.523      
2.62262e-05   791.717      
2.7168e-05    792.211      
2.81102e-05   793.098      
2.90539e-05   794.374      
2.99994e-05   796.035      
3.09465e-05   798.054      
3.18941e-05   800.406      
3.28421e-05   802.987      
3.37893e-05   805.551      
3.4735e-05    807.952      
3.56794e-05   810.213      
3.66234e-05   812.412      
3.7567e-05    814.581      
3.85108e-05   816.714      
3.94557e-05   818.815      
4.04016e-05   820.868      
4.13492e-05   822.844      
4.22994e-05   824.745      
4.32515e-05   826.656      
4.42037e-05   828.638      
4.51539e-05   830.699      
4.61014e-05   832.617      
4.70471e-05   832.89       
4.79921e-05   832.336      
4.89376e-05   830.218      
4.98844e-05   826.45       
5.08325e-05   821.565      
5.17779e-05   816.65       
5.27209e-05   812.597      
5.36625e-05   808.987      
5.46021e-05   805.188      
5.55405e-05   801.43       
5.6478e-05    798.538      
5.74145e-05   797.621      
5.83505e-05   797.579      
5.92865e-05   798.499      
6.02229e-05   800.872      
6.1159e-05    805.008      
6.20957e-05   810.913      
6.3033e-05    818.114      
6.39708e-05   825.647      
6.491e-05     831.723      
6.58512e-05   833.219      
6.67941e-05   833.27       
6.77387e-05   831.975      
6.86825e-05   827.771      
6.96255e-05   820.461      
7.05678e-05   811.877      
7.1509e-05    809.315      
7.24494e-05   809.25       
7.33889e-05   810.301      
7.4326e-05    813.069      
7.52604e-05   817.159      
7.61925e-05   822.071      
7.71227e-05   827.611      
7.8051e-05    833.57       
7.89776e-05   837.099      
7.99032e-05   837.531      
8.08281e-05   836.518      
8.17523e-05   832.813      
8.26765e-05   826.337      
8.36013e-05   818.147      
8.45265e-05   810.002      
8.54525e-05   803.59       
8.6379e-05    799.704      
8.73059e-05   797.91       
8.8233e-05    797.064      
8.9161e-05    796.039      
9.00903e-05   794.301      
9.10202e-05   791.98       
9.19501e-05   789.484      
9.28799e-05   787.06       
9.38095e-05   784.705      
9.47391e-05   782.353      
9.56685e-05   780.046      
9.65977e-05   777.938      
9.75265e-05   776.186      
9.84553e-05   774.841      
9.93839e-05   774.06       
0.000100313   773.954      
0.000101242   774.046      
0.000102171   774.537      
0.000103099   775.605      
0.000104026   777.328      
0.000104953   779.737      
0.000105877   782.748      
0.0001068     786.117      
0.000107721   789.501      
0.000108639   792.642      
0.000109556   795.436      
0.00011047    797.929      
0.000111382   800.249      
0.000112293   802.539      
0.000113201   804.915      
0.000114107   807.486      
0.00011501    810.227      
0.000115905   813.089      
0.000116792   815.976      
0.00011767    818.541      
0.00011854    819.195      
0.000119401   819.031      
0.000120256   817.28       
0.000121105   813.198      
0.000121952   807.644      
0.000122796   802.554      
0.000123639   799.291      
0.000124482   797.919      
0.000125328   797.516      
0.000126177   797.16       
0.000127031   796.511      
0.000127891   795.709      
0.000128758   794.974      
0.000129634   794.418      
0.000130518   794.066      
0.000131405   793.97       
0.000132294   793.959      
0.000133185   793.998      
0.000134078   794.154      
0.000134974   794.472      
0.000135873   794.937      
0.000136775   795.52       
0.00013768    796.194      
0.000138583   796.907      
0.00013948    797.603      
0.000140372   798.262      
0.000141259   798.906      
0.000142143   799.589      
0.000143024   800.384      
0.000143904   801.37       
0.000144783   802.636      
0.000145663   804.228      
0.000146544   806.074      
0.000147428   808.003      
0.000148315   809.841      
0.000149206   811.47       
0.0001501     812.845      
0.000150997   813.847      
0.000151898   814.033      
0.000152803   813.97       
0.000153707   813.592      
0.000154611   812.702      
0.000155516   811.155      
0.000156426   808.824      
0.000157341   805.669      
0.000158262   801.822      
0.000159184   797.613      
0.000160107   793.511      
0.000161031   790.007      
0.000161957   788.392      
0.000162886   788.2        
0.000163816   788.274      
0.000164749   788.662      
0.000165682   789.4        
0.000166616   790.339      
0.000167547   791.277      
0.000168473   792.064      
0.000169397   792.644      
0.000170319   793.03       
0.00017124    793.306      
0.000172163   793.576      
0.000173088   793.872      
0.000174009   794.198      
0.000174929   794.557      
0.000175849   794.913      
0.000176768   795.275      
0.000177687   795.665      
0.000178608   796.112      
0.000179531   796.679      
0.000180458   797.423      
0.00018139    798.325      
0.000182324   799.4        
0.000183253   800.52       
0.000184178   801.435      
0.0001851     801.673      
0.000186018   801.658      
0.000186934   801.078      
0.000187849   799.945      
0.000188762   798.693      
0.000189676   797.87       
0.000190589   797.653      
0.000191503   797.611      
0.000192418   797.734      
0.000193334   798.244      
0.000194252   799.083      
0.000195173   800.222      
0.000196095   801.817      
0.00019702    804.19       
0.000197947   807.769      
0.000198876   812.832      
0.000199807   819.548      
0.00020074    827.801      
0.000201674   836.965      
0.000202608   846.094      
0.000203541   854.027      
0.000204474   860.025      
0.000205406   862.312      
0.00020634    862.618      
0.000207273   861.456      
0.000208207   857.724      
0.000209142   850.69       
0.000210077   840.031      
0.000211014   826.417      
0.000211952   812.35       
0.000212888   806.776      
0.000213815   806.228      
0.000214738   807.163      
0.000215655   810.508      
0.000216564   815.914      
0.00021747    822.103      
0.000218377   824.886      
0.000219283   825.035      
0.00022019    823.587      
0.000221103   818.761      
0.000222021   810.936      
0.000222938   802.575      
0.000223853   796.44       
0.000224767   794.516      
0.00022568    793.975      
0.000226593   793.767      
0.000227506   793.604      
0.000228421   793.3        
0.000229338   792.702      
0.000230257   791.745      
0.000231179   790.48       
0.000232101   789.005      
0.000233018   787.494      
0.00023393    786.108      
0.000234839   784.943      
0.000235746   783.985      
0.000236651   783.208      
0.000237555   782.629      
0.00023846    782.305      
0.000239364   782.263      
0.00024027    782.301      
0.000241177   782.508      
0.000242084   783.024      
0.000242984   783.895      
0.000243886   785.185      
0.000244801   787.002      
0.000245726   789.553      
0.000246664   792.979      
0.000247609   797.333      
0.000248552   802.427      
0.000249491   807.986      
0.000250427   813.759      
0.000251362   819.383      
0.000252292   824.367      
0.000253211   828.357      
0.000254119   831.385      
0.000255015   833.51       
0.000255902   834.922      
0.000256782   835.971      
0.000257655   836.856      
0.00025852    837.341      
0.000259393   837.348      
0.000260282   836.78       
0.000261182   834.552      
0.000262076   829.682      
0.000262962   821.773      
0.000263842   811.921      
0.000264717   802.979      
0.00026559    800.132      
0.00026646    799.759      
0.000267327   799.972      
0.000268193   801.134      
0.00026906    803.367      
0.000269931   806.2        
0.000270806   809.019      
0.000271679   811.378      
0.000272551   812.635      
0.000273423   812.891      
0.000274294   812.913      
0.000275166   812.669      
0.000276041   812.104      
0.000276918   811.636      
0.000277797   811.601      
0.000278681   811.671      
0.000279568   811.942      
0.00028046    812.452      
0.000281357   813.096      
0.000282258   813.752      
0.000283165   814.349      
0.000284075   814.855      
0.000284988   815.272      
0.000285901   815.544      
0.000286812   815.623      
0.000287722   815.627      
0.000288631   815.439      
0.00028954    814.965      
0.000290448   814.209      
0.000291355   813.148      
0.000292262   811.93       
0.000293168   810.948      
0.000294073   810.788      
0.000294978   810.872      
0.000295883   811.301      
0.000296786   812.126      
0.000297687   813.168      
0.000298583   814.109      
0.000299476   814.433      
0.000300365   814.533      
0.000301252   814.596      
0.000302137   814.695      
0.000303022   814.952      
0.000303907   815.569      
0.000304792   816.671      
0.00030568    818.264      
0.000306571   820.225      
0.000307465   822.35       
0.000308362   824.232      
0.000309258   824.808      
0.000310153   824.888      
0.000311048   824.325      
0.000311942   822.685      
0.000312835   819.874      
0.000313728   816.069      
0.00031462    811.758      
0.000315508   807.556      
0.000316395   803.866      
0.00031728    800.892      
0.000318166   798.616      
0.000319054   796.813      
0.000319945   795.162      
0.000320839   793.362      
0.000321735   791.283      
0.000322634   789.042      
0.000323534   786.934      
0.000324436   785.55       
0.000325341   785.324      
0.000326248   785.374      
0.000327158   785.725      
0.000328071   786.532      
0.000328988   787.787      
0.000329909   789.369      
0.000330833   791.219      
0.000331758   793.256      
0.000332684   795.426      
0.000333609   797.672      
0.000334532   799.923      
0.000335454   802.112      
0.000336375   804.136      
0.000337296   805.913      
0.000338216   807.472      
0.000339135   808.932      
0.000340052   810.39       
0.000340967   811.942      
0.000341881   813.458      
0.000342794   814.656      
0.000343706   815.206      
0.000344616   815.414      
0.000345526   814.477      
0.000346436   811.866      
0.000347345   808.45       
0.000348253   807.577      
0.000349161   807.917      
0.000350069   810.712      
0.000350977   817.757      
0.000351885   828.611      
0.000352792   840.744      
0.000353701   846.219      
0.000354609   847.135      
0.000355518   846.252      
0.000356427   841.426      
0.000357335   832.34       
0.000358241   822.29       
0.000359145   819.275      
0.000360048   818.967      
0.000360948   819.285      
0.000361846   820.548      
0.000362743   822.494      
0.000363637   824.495      
0.00036453    826.257      
0.000365422   827.813      
0.000366313   829.372      
0.000367206   830.861      
0.000368098   832.219      
0.000368984   833.431      
0.000369863   834.527      
0.000370735   835.477      
0.0003716     836.074      
0.00037246    836.236      
0.000373317   836.267      
0.000374171   836.063      
0.000375024   835.486      
0.000375874   834.678      
0.000376723   833.838      
0.000377572   833.085      
0.000378425   832.455      
0.000379276   831.935      
0.000380127   831.471      
0.000380979   830.967      
0.000381835   830.31       
0.000382688   829.418      
0.000383526   828.308      
0.000384352   827.163      
0.000385165   826.456      
0.000385967   826.317      
0.000386761   826.367      
0.000387548   826.687      
0.000388329   826.97       
0.000389106   827.009      
0.000389881   826.853      
0.000390655   826.258      
0.00039143    825.21       
0.000392208   824.148      
0.000392991   823.855      
0.000393779   823.806      
0.000394574   823.819      
0.000395378   823.953      
0.000396191   824.238      
0.000397014   824.623      
0.000397849   824.881      
0.000398696   824.865      
0.000399555   824.751      
0.000400427   824.433      
0.000401306   823.823      
0.000402188   822.894      
0.000403072   821.701      
0.000403957   820.645      
0.000404841   820.419      
0.000405724   820.547      
0.000406607   821.441      
0.000407489   823.39       
0.000408371   826.44       
0.000409253   830.43       
0.000410135   834.995      
0.000411018   839.637      
0.000411902   843.824      
0.000412788   847.148      
0.000413675   849.58       
0.000414564   851.508      
0.000415454   853.333      
0.000416345   855.395      
0.000417236   857.958      
0.000418127   860.954      
0.000419019   864.091      
0.000419912   867.289      
0.000420805   869.279      
0.000421698   869.457      
0.000422593   868.435      
0.000423487   864.454      
0.000424383   856.341      
0.000425278   843.982      
0.000426173   830.069      
0.00042707    819.358      
0.000427966   815.787      
0.000428863   814.679      
0.000429757   814.298      
0.000430647   814.15       
0.000431535   814.033      
0.000432421   813.842      
0.000433306   813.556      
0.000434192   813.127      
0.000435075   812.524      
0.000435958   811.757      
0.000436841   810.802      
0.000437727   809.674      
0.000438613   808.458      
0.000439502   807.262      
0.00044039    806.183      
0.000441279   805.298      
0.00044217    804.6        
0.000443063   804.042      
0.00044396    803.753      
0.000444861   803.745      
0.000445763   803.815      
0.00044666    804.05       
0.000447553   804.558      
0.000448441   805.278      
0.000449326   806.064      
0.000450207   806.839      
0.000451086   807.578      
0.000451962   808.269      
0.000452837   808.901      
0.000453712   809.473      
0.000454585   810.014      
0.000455459   810.544      
0.000456333   811.102      
0.000457208   811.755      
0.000458084   812.526      
0.000458961   813.357      
0.00045984    814.232      
0.000460719   815.2        
0.0004616     816.281      
0.000462483   817.43       
0.000463367   818.615      
0.000464253   819.836      
0.00046514    821.094      
0.000466028   822.372      
0.000466919   823.628      
0.000467811   824.795      
0.000468706   825.806      
0.000469603   826.25       
0.000470502   826.321      
0.000471402   826.236      
0.000472304   825.923      
0.000473209   825.403      
0.000474114   824.756      
0.000475021   824.107      
0.000475928   823.553      
0.000476838   823.202      
0.000477749   822.918      
0.000478662   822.5        
0.000479571   821.354      
0.000480479   819.178      
0.000481385   815.914      
0.000482289   812.021      
0.000483192   808.346      
0.000484096   806.65       
0.000484997   806.352      
0.000485895   806.292      
0.000486794   806.288      
0.000487692   806.153      
0.000488591   805.506      
0.000489489   803.722      
0.000490387   800.385      
0.000491286   795.786      
0.000492192   790.921      
0.0004931     786.955      
0.000494008   785.276      
0.000494916   784.992      
0.000495823   784.976      
0.000496731   785.031      
0.000497639   785.177      
0.000498547   785.399      
0.000499455   785.69       
0.000500372   786.05       
0.000501302   786.509      
0.000502233   787.126      
0.000503163   787.977      
0.000504089   789.123      
0.000505013   790.622      
0.000505935   792.483      
0.000506855   794.582      
0.00050777    796.654      
0.000508681   798.395      
0.00050959    799.628      
0.000510497   800.401      
0.000511403   800.951      
0.000512309   801.702      
0.000513213   803.283      
0.000514117   806.331      
0.00051502    811.067      
0.000515924   816.857      
0.00051683    822.6        
0.000517737   827.335      
0.000518646   830.619      
0.000519556   831.631      
0.000520463   831.877      
0.000521369   831.784      
0.000522273   831.191      
0.000523174   830.123      
0.000524071   828.695      
0.000524963   827.143      
0.000525851   825.679      
0.000526737   824.468      
0.000527621   823.627      
0.000528505   823.08       
0.000529388   822.725      
0.000530272   822.48       
0.000531158   822.355      
0.000532046   822.344      
0.000532937   822.443      
0.000533831   822.827      
0.000534727   823.657      
0.000535628   825.111      
0.000536531   827.082      
0.000537437   829.185      
0.000538342   831.222      
0.000539249   833.131      
0.000540157   834.847      
0.000541063   835.849      
0.000541969   835.963      
0.000542873   835.845      
0.000543776   835.327      
0.000544679   834.292      
0.000545582   832.754      
0.000546484   830.818      
0.000547388   828.696      
0.000548293   827.005      
0.000549199   826.758      
0.000550107   826.924      
0.000551017   827.702      
0.000551926   829.285      
0.000552831   831.607      
0.000553733   834.483      
0.00055463    837.724      
0.000555524   841.158      
0.000556414   844.65       
0.000557296   848.093      
0.000558171   851.418      
0.000559041   854.615      
0.000559905   857.716      
0.000560766   860.768      
0.000561622   863.819      
0.000562472   866.861      
0.000563319   869.858      
0.000564164   871.623      
0.000565008   871.556      
0.000565852   870.319      
0.000566695   866.334      
0.000567539   858.015      
0.000568384   844.151      
0.000569232   824.787      
0.000570082   802.404      
0.000570936   783.699      
0.000571793   778.948      
0.000572652   778.378      
0.000573515   778.623      
0.000574381   779.766      
0.00057525    781.855      
0.000576123   784.457      
0.000576999   787.052      
0.000577879   789.414      
0.000578762   791.57       
0.000579649   793.6        
0.00058054    795.513      
0.000581433   797.233      
0.00058233    798.676      
0.00058323    799.823      
0.000584132   800.707      
0.000585036   801.419      
0.000585943   802.071      
0.000586851   802.711      
0.000587754   803.327      
0.000588654   803.637      
0.000589552   803.593      
0.000590446   803.159      
0.000591335   801.803      
0.000592222   799.112      
0.000593106   795.112      
0.000593991   790.327      
0.000594876   785.546      
0.000595763   781.454      
0.000596653   778.427      
0.000597547   776.704      
0.000598446   776.318      
0.000599349   776.317      
0.000600251   776.613      
0.000601153   777.505      
0.000602054   779.086      
0.000602954   781.456      
0.000603854   784.707      
0.000604753   788.871      
0.000605651   793.808      
0.000606549   799.043      
0.000607447   803.988      
0.000608344   808.318      
0.000609241   812.087      
0.000610139   815.513      
0.000611036   818.723      
0.000611933   821.694      
0.00061283    824.309      
0.000613728   826.413      
0.000614626   827.353      
0.000615524   827.71       
0.000616424   827.836      
0.000617323   827.28       
0.000618224   825.774      
0.000619126   823.513      
0.000620029   821.015      
0.000620932   820.355      
0.000621837   820.56       
0.000622743   821.932      
0.00062365    825.337      
0.000624558   829.763      
0.000625465   831.753      
0.000626372   832.24       
0.000627278   832.495      
0.000628183   832.747      
0.000629086   832.873      
0.000629988   832.527      
0.000630888   831.332      
0.000631786   829.248      
0.000632681   826.574      
0.000633574   823.901      
0.000634466   821.702      
0.000635357   820.105      
0.000636246   817.873      
0.000637134   814.36       
0.000638022   811.045      
0.00063891    810.476      
0.000639797   810.578      
0.000640683   810.931      
0.00064157    811.462      
0.000642456   811.873      
0.000643343   812.096      
0.000644231   812.518      
0.000645119   813.349      
0.000646008   814.68       
0.000646898   816.441      
0.00064779    818.414      
0.000648683   820.368      
0.000649577   822.181      
0.000650473   823.844      
0.000651371   825.386      
0.000652271   826.88       
0.000653173   828.375      
0.000654071   829.806      
0.000654962   831.07       
0.000655847   832.041      
0.000656726   832.42       
0.000657601   832.562      
0.000658473   832.553      
0.000659343   832.419      
0.000660213   832.044      
0.000661083   831.233      
0.000661954   829.941      
0.000662829   828.109      
0.000663707   825.552      
0.00066459    822.327      
0.000665477   819.009      
0.000666371   817.797      
0.00066727    817.808      
0.00066817    818.186      
0.00066907    819.179      
0.00066997    820.672      
0.00067087    822.333      
0.000671771   823.991      
0.000672672   825.938      
0.000673573   828.573      
0.000674473   832.102      
0.000675373   836.601      
0.000676273   841.732      
0.000677174   845.865      
0.000678077   846.963      
0.00067898    847.177      
0.000679885   846.264      
0.000680793   843.683      
0.000681702   840.076      
0.00068261    836.749      
0.000683516   835.867      
0.00068442    835.902      
0.000685323   836.224      
0.000686224   837.03       
0.000687126   838.048      
0.000688027   839.099      
0.000688929   840.052      
0.000689832   840.768      
0.000690736   841.363      
0.000691637   841.955      
0.000692524   842.607      
0.000693399   843.342      
0.000694264   844.162      
0.000695119   845.054      
0.000695968   845.998      
0.000696813   846.97       
0.000697657   847.967      
0.000698501   849.058      
0.000699348   850.351      
0.000700199   851.907      
0.000701057   853.72       
0.000701924   855.702      
0.000702801   857.651      
0.000703688   859.425      
0.000704577   861.002      
0.000705465   862.52       
0.000706353   864.059      
0.000707241   865.65       
0.000708128   867.297      
0.000709015   868.97       
0.000709902   870.553      
0.000710789   871.989      
0.000711676   873.356      
0.000712563   874.827      
0.00071345    876.554      
0.000714337   878.57       
0.000715225   880.806      
0.000716113   882.883      
0.000717001   883.318      
0.000717889   882.914      
0.000718778   880.506      
0.000719667   875.125      
0.000720556   867.029      
0.000721446   857.697      
0.000722336   849.838      
0.000723226   847.414      
0.000724116   846.937      
0.000725005   846.814      
0.000725893   846.405      
0.000726781   844.669      
0.000727671   840.38       
0.000728564   832.902      
0.000729458   822.832      
0.000730353   812.5        
0.00073125    808.637      
0.000732148   808.218      
0.000733047   808.451      
0.000733947   809.362      
0.000734847   810.761      
0.000735749   811.985      
0.000736652   812.458      
0.000737555   812.731      
0.000738459   813.236      
0.000739364   814.684      
0.000740268   817.436      
0.000741174   821.337      
0.00074208    825.625      
0.000742987   826.781      
0.000743896   826.418      
0.000744805   823.699      
0.000745717   817.473      
0.000746629   808.576      
0.000747541   802.288      
0.000748446   801.362      
0.000749346   801.476      
0.00075024    802.526      
0.00075113    804.291      
0.000752017   806.136      
0.0007529     807.703      
0.000753783   809.044      
0.000754665   810.258      
0.000755548   810.794      
0.000756432   810.883      
0.000757318   810.707      
0.000758206   810.043      
0.000759097   809.537      
0.000759988   809.609      
0.000760877   810.319      
0.000761765   812.026      
0.000762652   814.51       
0.000763539   817.232      
0.000764425   819.627      
0.00076531    820.647      
0.000766196   820.838      
0.000767081   820.845      
0.000767966   820.524      
0.000768849   819.669      
0.000769731   818.26       
0.000770612   816.419      
0.000771493   814.263      
0.000772373   812.104      
0.000773252   810.693      
0.00077413    810.764      
0.000775003   811.19       
0.00077587    812.262      
0.000776745   814.803      
0.000777629   819.631      
0.000778525   827.331      
0.000779429   837.544      
0.000780329   844.899      
0.000781227   846.476      
0.000782125   846.194      
0.000783024   842.552      
0.000783925   835.508      
0.00078483    829.648      
0.000785738   828.781      
0.00078665    829.184      
0.000787568   831.281      
0.000788492   835.317      
0.000789417   840.09       
0.000790339   844.812      
0.000791258   849.057      
0.000792175   851.464      
0.000793089   851.539      
0.000794002   850.4        
0.000794913   846.403      
0.000795823   838.688      
0.000796733   827.595      
0.000797642   814.892      
0.000798553   803.339      
0.000799464   795.194      
0.000800376   792.456      
0.000801288   791.906      
0.000802196   791.875      
0.000803103   792.023      
0.00080401    792.499      
0.000804917   793.436      
0.000805826   794.848      
0.000806737   796.755      
0.000807651   799.187      
0.000808568   802.203      
0.000809482   805.906      
0.000810395   810.453      
0.000811308   816.045      
0.000812222   822.736      
0.000813138   830.587      
0.000814058   839.531      
0.000814981   849.154      
0.000815907   857.928      
0.000816832   859.797      
0.000817755   859.051      
0.000818675   854.112      
0.000819593   844.117      
0.00082051    831.581      
0.000821424   824.089      
0.000822329   822.552      
0.000823236   822.136      
0.000824148   821.911      
0.000825073   821.453      
0.000825995   820.586      
0.000826922   819.416      
0.000827849   818.402      
0.000828775   818.222      
0.000829702   818.673      
0.000830625   821.01       
0.000831538   825.452      
0.000832439   829.453      
0.00083333    830.195      
0.000834211   829.881      
0.000835086   826.849      
0.000835957   820.516      
0.000836824   812.791      
0.000837691   808.648      
0.000838558   808.165      
0.000839428   808.521      
0.000840301   810.251      
0.000841179   813.69       
0.000842063   818.213      
0.000842953   822.87       
0.00084385    826.928      
0.000844755   830.037      
0.000845668   832.211      
0.00084659    833.75       
0.000847519   835.015      
0.000848449   836.374      
0.000849376   838.182      
0.000850302   840.819      
0.000851227   844.628      
0.000852152   849.628      
0.000853076   855.464      
0.000854001   861.351      
0.000854926   865.91       
0.000855849   867.13       
0.000856769   867.129      
0.000857685   865.017      
0.0008586     860.421      
0.000859514   853.81       
0.000860428   845.78       
0.000861343   837.136      
0.00086226    829.232      
0.000863177   823.216      
0.000864095   821.479      
0.000865014   821.372      
0.000865934   821.764      
0.000866856   823.175      
0.000867782   825.912      
0.000868711   830.025      
0.00086964    835.471      
0.000870568   842.098      
0.000871495   849.54       
0.000872421   857.218      
0.000873345   864.458      
0.000874269   869.917      
0.000875192   870.991      
0.000876114   870.654      
0.000877036   868.21       
0.000877957   862.603      
0.000878877   853.512      
0.000879796   841.545      
0.000880714   828.459      
0.000881631   816.659      
0.000882548   810.266      
0.000883464   809.095      
0.00088438    809.007      
0.000885297   809.086      
0.000886213   809.249      
0.000887129   809.466      
0.000888045   809.709      
0.000888962   810.021      
0.000889873   810.506      
0.000890779   811.381      
0.000891683   812.794      
0.000892588   814.809      
0.000893494   817.36       
0.000894402   820.364      
0.000895309   823.653      
0.000896211   826.996      
0.000897112   830.179      
0.00089801    833.051      
0.000898906   835.596      
0.000899801   837.825      
0.000900695   839.724      
0.000901589   841.145      
0.000902483   841.517      
0.000903379   841.539      
0.000904275   841.045      
0.000905173   839.537      
0.000906074   836.69       
0.000906977   832.148      
0.000907884   825.725      
0.000908793   818.189      
0.000909707   812.138      
0.000910625   810.807      
0.000911546   810.767      
0.000912472   810.982      
0.000913399   811.134      
0.000914324   811.307      
0.000915248   811.956      
0.000916173   813.557      
0.000917098   815.896      
0.000918024   818.38       
0.000918953   819.605      
0.000919883   819.871      
0.000920816   819.888      
0.000921749   819.53       
0.000922683   819.462      
0.000923617   819.649      
0.000924552   820.326      
0.000925488   821.466      
0.000926423   822.846      
0.000927357   824.323      
0.000928283   825.857      
0.000929202   827.431      
0.000930113   829.141      
0.000931019   831.072      
0.000931921   833.272      
0.00093282    835.828      
0.000933718   838.957      
0.000934615   842.69       
0.000935513   846.81       
0.000936411   850.911      
0.00093731    854.485      
0.00093821    857.146      
0.000939111   858.933      
0.000940015   859.81       
0.000940923   859.892      
0.000941835   859.747      
0.000942751   859.301      
0.00094367    859.048      
0.00094459    859.152      
0.000945513   860.499      
0.000946439   863.578      
0.000947365   867.259      
0.00094829    870.331      
0.000949214   872.304      
0.000950135   872.754      
0.000951055   872.694      
0.000951972   872.491      
0.000952888   871.923      
0.000953803   870.77       
0.000954715   868.843      
0.000955627   866          
0.000956538   862.261      
0.000957448   857.404      
0.000958358   851.361      
0.000959265   844.605      
0.000960173   838.144      
0.000961079   834.737      
0.000961985   834.288      
0.000962891   834.494      
0.000963795   835.068      
0.000964696   836.43       
0.000965592   838.664      
0.000966484   841.508      
0.000967374   844.624      
0.000968263   848.057      
0.000969152   852.172      
0.000970042   857.268      
0.000970933   863.278      
0.000971826   869.412      
0.000972722   874.657      
0.000973624   878.387      
0.00097453    879.619      
0.000975443   879.587      
0.000976363   878.503      
0.000977284   875.457      
0.000978207   869.705      
0.000979131   861.15       
0.000980052   851.066      
0.000980972   843.048      
0.000981893   840.866      
0.000982812   840.269      
0.000983733   839.951      
0.000984654   839.329      
0.000985578   838.27       
0.000986503   836.967      
0.000987429   835.631      
0.000988355   834.355      
0.000989287   833.135      
0.000990213   831.992      
0.000991136   830.953      
0.000992059   830.08       
0.000992983   829.425      
0.000993906   828.987      
0.000994829   828.727      
0.000995753   828.58       
0.000996676   828.544      
0.000997583   828.569      
0.000998478   828.635      
0.000999373   828.941      
0.00100028    829.816      
0.0010012     831.622      
0.00100212    834.396      
0.00100304    837.841      
0.00100396    841.491      
0.00100488    844.886      
0.00100581    847.648      
0.00100674    849.02       
0.00100766    849.419      
0.00100859    849.587      
0.00100952    849.6        
0.00101046    849.209      
0.00101139    848.341      
0.00101232    847.002      
0.00101326    845.15       
0.0010142     842.802      
0.00101513    839.88       
0.00101607    836.091      
0.00101701    831.349      
0.00101795    826.291      
0.00101889    821.856      
0.00101983    820.089      
0.00102077    819.931      
0.00102171    820.322      
0.00102265    821.696      
0.00102358    823.884      
0.00102452    826.45       
0.00102546    829.043      
0.00102639    831.587      
0.00102732    834.223      
0.00102824    837.102      
0.00102916    840.186      
0.00103008    843.262      
0.001031      845.195      
0.00103191    845.667      
0.00103282    845.271      
0.00103373    843.035      
0.00103463    838.935      
0.00103553    833.953      
0.00103642    831.27       
0.00103731    830.939      
0.00103818    831.247      
0.00103905    832.579      
0.00103992    835.112      
0.00104078    838.714      
0.00104164    843.347      
0.0010425     848.894      
0.00104335    854.221      
0.0010442     855.966      
0.00104505    856.413      
0.0010459     855.714      
0.00104675    852.82       
0.0010476     848.699      
0.00104845    847.531      
0.00104931    847.646      
0.00105016    848.72       
0.00105103    851.414      
0.00105188    855.468      
0.00105273    860.277      
0.00105357    865.409      
0.0010544     870.708      
0.00105523    876.145      
0.00105605    881.627      
0.00105687    886.966      
0.00105769    892.057      
0.00105851    896.822      
0.00105933    899.219      
0.00106015    899.531      
0.00106098    898.567      
0.0010618     894.517      
0.00106264    886.077      
0.00106347    872.928      
0.00106432    857.51       
0.00106517    849.509      
0.00106603    847.389      
0.00106689    846.673      
0.00106777    846.329      
0.00106865    845.823      
0.00106955    844.81       
0.00107045    843.029      
0.00107137    840.262      
0.00107229    836.512      
0.00107323    832.137      
0.00107416    827.811      
0.00107509    824.393      
0.00107602    823.57       
0.00107695    823.55       
0.00107788    823.925      
0.00107881    824.919      
0.00107973    826.536      
0.00108065    828.713      
0.00108156    831.381      
0.00108247    834.442      
0.00108339    837.7        
0.0010843     840.832      
0.00108521    842.876      
0.00108612    843.128      
0.00108703    842.89       
0.00108793    841.951      
0.00108883    840.371      
0.00108973    838.448      
0.00109063    836.451      
0.00109153    834.507      
0.00109243    832.444      
0.00109334    830.103      
0.00109423    827.409      
0.00109512    824.285      
0.001096      820.794      
0.00109689    817.26       
0.00109776    814.208      
0.00109864    813.21       
0.00109952    813.162      
0.00110041    813.45       
0.00110129    814.2        
0.00110218    815.397      
0.00110308    817.097      
0.00110398    819.371      
0.00110488    822.258      
0.00110578    825.679      
0.00110668    829.501      
0.00110759    833.573      
0.00110849    837.778      
0.00110938    841.984      
0.00111027    845.903      
0.00111116    847.896      
0.00111204    848.212      
0.00111291    848.079      
0.00111378    847.151      
0.00111464    845.428      
0.00111549    844.421      
0.00111633    844.226      
0.00111716    844.013      
0.00111797    843.359      
0.00111879    842.107      
0.00111959    840.62       
0.00112039    840.324      
0.00112119    840.455      
0.00112198    841.028      
0.00112277    842.147      
0.00112356    843.378      
0.00112434    843.757      
0.00112513    843.824      
0.00112592    843.403      
0.00112671    842.151      
0.0011275     840.059      
0.0011283     837.349      
0.0011291     834.373      
0.0011299     831.416      
0.00113071    828.59       
0.00113153    825.844      
0.00113235    823          
0.00113318    819.967      
0.00113401    816.796      
0.00113486    813.676      
0.00113571    811.18       
0.00113657    810.554      
0.00113745    810.549      
0.00113833    811.062      
0.00113921    812.708      
0.00114009    815.452      
0.00114098    818.819      
0.00114186    822.076      
0.00114275    823.042      
0.00114364    823.029      
0.00114453    822.138      
0.00114543    819.873      
0.00114633    816.362      
0.00114723    811.988      
0.00114814    807.208      
0.00114905    802.491      
0.00114996    798.287      
0.00115087    794.945      
0.00115178    793.285      
0.00115268    793.098      
0.00115359    793.267      
0.0011545     793.892      
0.0011554     795.19       
0.00115631    797.082      
0.00115722    799.266      
0.00115813    801.441      
0.00115905    803.472      
0.00115996    805.329      
0.00116087    807.052      
0.00116179    808.782      
0.00116271    810.58       
0.00116362    812.42       
0.00116454    814.139      
0.00116545    815.2        
0.00116635    815.499      
0.00116725    815.62       
0.00116814    815.496      
0.00116902    815.139      
0.0011699     814.706      
0.00117077    814.262      
0.00117164    813.783      
0.0011725     813.183      
0.00117336    812.418      
0.00117422    811.411      
0.00117507    810.054      
0.00117593    808.305      
0.00117679    806.251      
0.00117765    804.085      
0.00117851    802.044      
0.00117939    800.232      
0.00118027    799.354      
0.00118116    799.322      
0.00118205    799.636      
0.00118294    800.586      
0.00118382    802.147      
0.00118468    804.086      
0.00118555    806.14       
0.00118641    808.117      
0.00118727    809.977      
0.00118814    811.679      
0.00118903    812.594      
0.00118993    812.661      
0.00119084    812.308      
0.00119176    811.131      
0.00119267    809.049      
0.00119357    806.22       
0.00119448    803.038      
0.00119539    800.789      
0.00119629    800.528      
0.00119719    800.799      
0.00119809    801.982      
0.00119899    804.211      
0.00119989    807.271      
0.00120078    810.798      
0.00120167    814.355      
0.00120257    817.635      
0.00120345    820.542      
0.00120434    823.077      
0.00120522    825.439      
0.00120611    827.934      
0.001207      830.763      
0.00120788    833.834      
0.00120874    837.013      
0.00120959    840.203      
0.00121044    843.324      
0.00121128    846.286      
0.00121212    848.295      
0.00121295    848.989      
0.00121379    849.274      
0.00121462    848.761      
0.00121545    847.054      
0.00121629    844.059      
0.00121713    840.243      
0.00121798    836.309      
0.00121883    832.694      
0.00121968    829.504      
0.00122055    827.024      
0.00122142    825.312      
0.00122229    824.616      
0.00122318    824.594      
0.00122407    824.82       
0.00122498    825.7        
0.00122588    827.43       
0.0012268     829.633      
0.00122772    831.834      
0.00122865    833.957      
0.00122955    836.168      
0.00123044    838.568      
0.0012313     841.091      
0.00123215    842.526      
0.00123298    842.679      
0.0012338     842.22       
0.00123462    840.43       
0.00123544    836.856      
0.00123626    831.392      
0.0012371     824.379      
0.00123795    816.575      
0.00123881    809.052      
0.0012397     805.415      
0.00124061    805.056      
0.00124153    805.487      
0.00124246    807.346      
0.00124339    810.592      
0.00124433    814.205      
0.00124526    817.207      
0.0012462     819.193      
0.00124713    820.301      
0.00124806    821.019      
0.001249      821.792      
0.00124993    822.687      
0.00125087    823.295      
0.00125179    823.685      
0.00125272    823.13       
0.00125365    820.93       
0.00125457    816.772      
0.00125549    810.992      
0.00125642    804.885      
0.00125735    800.322      
0.00125827    799.302      
0.0012592     799.379      
0.00126011    800.109      
0.00126102    801.8        
0.00126193    803.79       
0.00126283    805.232      
0.00126372    805.751      
0.00126462    805.969      
0.00126551    806.205      
0.00126639    806.651      
0.00126728    807.397      
0.00126816    808.581      
0.00126905    810.328      
0.00126994    812.71       
0.00127083    815.535      
0.00127172    818.41       
0.00127262    820.942      
0.00127352    822.851      
0.00127443    823.523      
0.00127535    823.723      
0.00127627    823.744      
0.00127719    823.472      
0.00127812    823.025      
0.00127904    822.929      
0.00127996    823.007      
0.00128089    823.318      
0.00128181    823.985      
0.00128274    824.986      
0.00128366    826.279      
0.00128458    827.779      
0.0012855     829.389      
0.00128642    831.068      
0.00128733    832.879      
0.00128825    834.275      
0.00128917    834.338      
0.00129009    833.816      
0.00129101    832.038      
0.00129192    828.745      
0.00129284    824.102      
0.00129376    818.769      
0.00129468    813.973      
0.0012956     812.481      
0.00129652    812.387      
0.00129745    812.616      
0.00129838    813.421      
0.00129931    814.824      
0.00130024    816.554      
0.00130118    818.378      
0.00130211    820.208      
0.00130304    822.086      
0.00130395    824.221      
0.00130486    826.763      
0.00130575    829.542      
0.00130664    832.233      
0.00130752    833.863      
0.00130839    834.323      
0.00130927    834.449      
0.00131014    833.982      
0.00131101    832.77       
0.00131187    831.798      
0.00131274    831.746      
0.0013136     832.135      
0.00131447    833.623      
0.00131534    836.332      
0.0013162     839.865      
0.00131707    843.794      
0.00131794    847.723      
0.00131881    851.434      
0.00131968    854.875      
0.00132055    858.026      
0.00132142    860.84       
0.00132229    863.231      
0.00132317    864.762      
0.00132404    865.137      
0.00132491    865.228      
0.00132577    865.277      
0.00132664    865.408      
0.00132751    865.493      
0.00132838    865.305      
0.00132925    864.202      
0.00133011    861.447      
0.00133098    856.755      
0.00133185    850.635      
0.00133272    844.364      
0.0013336     839.604      
0.00133447    838.287      
0.00133536    838.073      
0.00133624    838.083      
0.00133713    838.243      
0.00133802    838.621      
0.00133892    839.127      
0.00133982    839.572      
0.00134073    839.776      
0.00134165    839.826      
0.00134257    839.854      
0.00134349    839.938      
0.00134441    840.113      
0.00134533    840.242      
0.00134625    840.211      
0.00134716    840.033      
0.00134808    839.634      
0.001349      838.835      
0.00134992    837.498      
0.00135084    835.478      
0.00135176    832.645      
0.00135269    828.992      
0.00135362    824.753      
0.00135455    820.416      
0.00135548    816.516      
0.00135641    813.442      
0.00135734    811.303      
0.00135827    810.182      
0.0013592     809.968      
0.00136013    809.956      
0.00136106    810.099      
0.00136198    810.466      
0.00136291    811.049      
0.00136383    811.83       
0.00136475    812.796      
0.00136567    813.926      
0.00136658    815.188      
0.0013675     816.586      
0.00136841    818.085      
0.00136933    819.644      
0.00137024    821.217      
0.00137115    822.742      
0.00137204    824.16       
0.00137293    825.42       
0.00137382    826.504      
0.00137471    827.432      
0.0013756     828.228      
0.0013765     828.72       
0.00137742    828.72       
0.00137834    828.567      
0.00137926    828.186      
0.00138018    827.646      
0.00138111    827.162      
0.00138203    826.999      
0.00138296    827.013      
0.00138389    827.56       
0.00138481    828.983      
0.00138574    831.434      
0.00138667    834.92       
0.00138759    839.207      
0.00138851    842.713      
0.00138942    843.468      
0.00139034    842.845      
0.00139125    839.037      
0.00139217    830.926      
0.00139308    819.4        
0.00139399    807.424      
0.00139489    802.251      
0.0013958     801.581      
0.00139671    801.839      
0.00139762    803.205      
0.00139853    805.859      
0.00139944    809.402      
0.00140034    813.343      
0.00140124    817.283      
0.00140213    821.057      
0.00140302    824.41       
0.00140391    827.001      
0.0014048     828.644      
0.00140568    829.607      
0.00140656    830.423      
0.00140744    831.472      
0.00140832    833.049      
0.00140919    835.211      
0.00141007    837.726      
0.00141094    840.387      
0.00141181    843.053      
0.00141268    845.808      
0.00141355    847.883      
0.00141442    848.689      
0.00141529    848.863      
0.00141616    847.39       
0.00141704    843.593      
0.00141791    838.165      
0.00141879    832.67       
0.00141967    828.18       
0.00142055    825.122      
0.00142143    823.397      
0.00142231    822.629      
0.00142319    822.347      
0.00142406    822.228      
0.00142494    822.222      
0.00142582    822.276      
0.0014267     822.472      
0.00142758    822.662      
0.00142847    822.643      
0.00142935    822.462      
0.00143023    822.181      
0.00143112    822.132      
0.001432      822.484      
0.00143289    823.663      
0.00143377    825.843      
0.00143466    829.054      
0.00143555    832.943      
0.00143644    836.724      
0.00143732    838.136      
0.00143821    838.195      
0.0014391     836.983      
0.00143999    833.359      
0.00144087    827.519      
0.00144175    820.79       
0.00144263    815.068      
0.0014435     812.634      
0.00144438    812.02       
0.00144525    811.884      
0.00144612    811.886      
0.00144698    811.869      
0.00144785    811.813      
0.00144873    811.681      
0.0014496     811.35       
0.00145048    810.712      
0.00145136    809.783      
0.00145224    808.752      
0.00145313    808.309      
0.00145402    808.366      
0.00145492    808.605      
0.00145581    809.242      
0.00145671    810.277      
0.00145762    811.524      
0.00145852    812.935      
0.00145942    814.521      
0.00146032    816.155      
0.00146122    817.72       
0.00146212    819.245      
0.00146302    820.824      
0.00146392    822.556      
0.00146483    824.527      
0.00146573    826.705      
0.00146665    828.929      
0.00146757    831.107      
0.00146849    833.244      
0.00146941    835.326      
0.00147034    837.326      
0.00147127    839.209      
0.00147219    840.676      
0.00147312    840.901      
0.00147404    840.569      
0.00147496    838.823      
0.00147587    835.196      
0.00147679    829.982      
0.0014777     824.524      
0.00147862    822.888      
0.00147953    822.945      
0.00148044    823.827      
0.00148135    826.134      
0.00148226    829.466      
0.00148317    833.186      
0.00148408    836.506      
0.00148499    837.509      
0.0014859     837.695      
0.00148682    836.859      
0.00148773    834.513      
0.00148864    831.443      
0.00148956    828.764      
0.00149047    827.32       
0.00149141    826.881      
0.00149234    826.665      
0.00149327    826.371      
0.00149419    825.957      
0.00149511    825.689      
0.00149604    825.705      
0.00149696    825.767      
0.00149788    825.848      
0.0014988     825.952      
0.00149972    826.058      
0.00150065    826.121      
0.00150157    826.132      
0.0015025     826.012      
0.00150342    825.59       
0.00150435    824.825      
0.00150527    823.902      
0.00150619    823.705      
0.00150711    823.91       
0.00150803    824.697      
0.00150895    826.268      
0.00150987    828.587      
0.0015108     831.454      
0.00151172    834.52       
0.00151264    836.29       
0.00151356    836.745      
0.00151447    836.189      
0.00151538    833.128      
0.00151629    827.43       
0.0015172     820.583      
0.0015181     816.272      
0.001519      815.471      
0.00151989    815.451      
0.00152078    815.821      
0.00152166    816.814      
0.00152254    818.132      
0.00152341    819.315      
0.00152428    820.103      
0.00152515    820.567      
0.00152601    821.016      
0.00152688    821.761      
0.00152774    822.907      
0.00152861    824.344      
0.00152947    825.764      
0.00153034    826.968      
0.00153121    827.903      
0.00153208    828.256      
0.00153295    828.376      
0.00153382    828.223      
0.0015347     827.918      
0.00153559    827.624      
0.00153647    827.315      
0.00153736    826.905      
0.00153825    826.36       
0.00153914    825.702      
0.00154001    824.996      
0.00154089    824.293      
0.00154175    823.704      
0.00154261    823.276      
0.00154346    823.065      
0.00154431    822.955      
0.00154516    822.917      
0.001546      823.085      
0.00154685    823.479      
0.0015477     823.934      
0.00154856    824.336      
0.00154942    824.715      
0.00155028    825.136      
0.00155115    825.613      
0.00155202    826.153      
0.00155289    826.869      
0.00155377    827.906      
0.00155465    829.323      
0.00155552    831.074      
0.0015564     833.015      
0.00155728    834.978      
0.00155817    836.833      
0.00155905    838.536      
0.00155993    840.296      
0.00156081    842.298      
0.00156168    844.499      
0.00156256    846.797      
0.00156344    849.053      
0.00156431    850.567      
0.00156519    850.891      
0.00156607    850.899      
0.00156695    850.372      
0.00156783    848.957      
0.00156872    847.009      
0.0015696     845.131      
0.00157049    843.863      
0.00157139    843.452      
0.00157228    843.322      
0.00157318    843.477      
0.00157408    843.919      
0.00157499    843.861      
0.00157589    843.467      
0.0015768     842.449      
0.00157771    840.811      
0.00157862    838.694      
0.00157952    836.349      
0.00158043    833.992      
0.00158133    831.835      
0.00158223    830.412      
0.00158314    830.212      
0.00158404    830.318      
0.00158495    830.87       
0.00158586    832.085      
0.00158677    833.72       
0.00158768    835.387      
0.00158858    836.933      
0.00158949    838.465      
0.00159039    840.207      
0.0015913     842.381      
0.00159222    845.126      
0.00159314    848.325      
0.00159407    850.966      
0.001595      851.513      
0.00159594    851.46       
0.00159688    851.078      
0.00159782    850.118      
0.00159876    848.399      
0.00159969    845.748      
0.00160063    842.1        
0.00160156    837.666      
0.0016025     833.009      
0.00160343    828.971      
0.00160437    827.292      
0.00160531    827.075      
0.00160624    827.14       
0.00160718    827.503      
0.00160813    828.221      
0.00160907    829.114      
0.00161001    829.39       
0.00161095    829.339      
0.00161189    829.05       
0.00161283    828.441      
0.00161377    827.633      
0.00161471    826.797      
0.00161564    826.054      
0.00161658    825.456      
0.00161752    825.018      
0.00161845    824.734      
0.00161938    824.608      
0.00162031    824.589      
0.00162124    824.607      
0.00162216    824.726      
0.00162309    825.01       
0.00162401    825.413      
0.00162493    825.866      
0.00162585    826.345      
0.00162677    826.858      
0.00162768    827.409      
0.00162859    827.985      
0.0016295     828.553      
0.00163041    829.046      
0.00163132    829.4        
0.00163223    829.656      
0.00163314    829.964      
0.00163405    830.486      
0.00163496    831.372      
0.00163587    832.654      
0.00163679    834.226      
0.00163771    835.821      
0.00163862    836.499      
0.00163952    836.633      
0.00164042    836.503      
0.00164131    835.955      
0.0016422     835.002      
0.00164309    833.734      
0.00164398    832.229      
0.00164488    830.614      
0.00164577    828.986      
0.00164667    827.339      
0.00164757    825.635      
0.00164847    823.852      
0.00164937    822.008      
0.00165027    820.176      
0.00165117    818.48       
0.00165207    817.166      
0.00165297    816.71       
0.00165387    816.599      
0.00165476    817.258      
0.00165566    819.428      
0.00165656    823.336      
0.00165746    829.158      
0.00165837    836.704      
0.00165927    845.508      
0.00166018    855.05       
0.00166109    864.717      
0.001662      873.907      
0.00166291    881.287      
0.00166383    883.177      
0.00166475    882.824      
0.00166568    877.894      
0.0016666     865.075      
0.00166753    843.087      
0.00166846    815.742      
0.00166938    802.927      
0.00167031    801.309      
0.00167124    801.598      
0.00167217    803.154      
0.0016731     806.135      
0.00167403    809.556      
0.00167496    812.712      
0.00167588    815.818      
0.00167681    819.672      
0.00167773    824.721      
0.00167864    830.602      
0.00167954    836.433      
0.00168043    841.34       
0.00168131    843.904      
0.00168219    844.914      
0.00168308    845.239      
0.00168397    843.873      
0.00168487    840.489      
0.00168579    835.798      
0.00168672    831.026      
0.00168764    829.193      
0.00168857    829.686      
0.0016895     830.975      
0.00169043    833.912      
0.00169135    838.575      
0.00169227    844.206      
0.00169319    849.911      
0.00169411    854.889      
0.00169502    857.239      
0.00169594    858.341      
0.00169685    858.599      
0.00169777    857.35       
0.00169869    854.28       
0.00169961    849.213      
0.00170053    842.332      
0.00170146    834.7        
0.00170238    828.15       
0.00170331    824.131      
0.00170425    822.052      
0.00170518    820.609      
0.00170612    820.007      
0.00170706    819.971      
0.00170799    820.091      
0.00170892    820.56       
0.00170985    821.492      
0.00171077    822.828      
0.0017117     824.426      
0.00171262    826.185      
0.00171354    828.114      
0.00171447    829.918      
0.00171539    831.297      
0.00171631    831.746      
0.00171723    831.883      
0.00171815    831.986      
0.00171907    832.199      
0.00171999    832.649      
0.00172091    833.651      
0.00172183    835.259      
0.00172275    837.416      
0.00172367    840.147      
0.0017246     843.12       
0.00172552    845.92       
0.00172644    848.275      
0.00172736    849.067      
0.00172829    849.058      
0.00172921    847.905      
0.00173013    844.87       
0.00173106    839.888      
0.00173198    833.773      
0.0017329     827.782      
0.00173383    823.04       
0.00173475    820.121      
0.00173568    819.118      
0.00173661    818.778      
0.00173754    818.517      
0.00173847    817.987      
0.00173941    817.151      
0.00174034    816.189      
0.00174128    815.766      
0.00174221    815.784      
0.00174314    816.021      
0.00174406    816.627      
0.00174497    817.624      
0.00174588    818.927      
0.00174679    820.404      
0.0017477     821.962      
0.00174861    823.592      
0.00174951    825.286      
0.00175041    827.039      
0.00175131    828.911      
0.0017522     830.797      
0.00175309    832.196      
0.00175399    832.575      
0.00175489    832.649      
0.00175579    831.974      
0.0017567     830.061      
0.00175761    827.248      
0.00175852    824.314      
0.00175942    822.543      
0.00176033    822.173      
0.00176124    822.192      
0.00176214    822.425      
0.00176305    823.128      
0.00176396    824.22       
0.00176486    825.485      
0.00176577    826.804      
0.00176667    828.214      
0.00176758    829.844      
0.00176849    831.806      
0.00176939    834.167      
0.0017703     836.993      
0.00177121    840.297      
0.00177212    843.97       
0.00177302    847.698      
0.00177393    851.039      
0.00177485    852.52       
0.00177576    852.721      
0.00177667    852.708      
0.00177759    852.667      
0.0017785     852.713      
0.00177942    852.976      
0.00178034    853.468      
0.00178126    854.11       
0.00178219    854.805      
0.00178311    855.436      
0.00178404    855.949      
0.00178496    856.203      
0.00178589    856.199      
0.00178681    855.999      
0.00178774    855.306      
0.00178867    853.796      
0.00178959    851.098      
0.00179052    847.17       
0.00179145    842.602      
0.00179236    839.445      
0.00179327    839.035      
0.00179417    839.295      
0.00179508    840.452      
0.00179598    842.463      
0.00179689    844.925      
0.0017978     847.404      
0.00179872    849.621      
0.00179964    850.689      
0.00180058    850.766      
0.00180152    850.398      
0.00180246    849.071      
0.00180339    846.405      
0.00180433    842.409      
0.00180526    837.628      
0.00180618    833.047      
0.00180709    830.96       
0.001808      830.906      
0.00180889    831.231      
0.00180978    832.005      
0.00181067    833.263      
0.00181155    834.808      
0.00181244    836.429      
0.00181333    838.041      
0.00181423    839.518      
0.00181513    840.754      
0.00181604    841.81       
0.00181696    842.861      
0.00181789    843.973      
0.00181882    845.094      
0.00181975    846.163      
0.00182068    847.238      
0.00182161    848.373      
0.00182254    849.537      
0.00182347    850.678      
0.00182441    851.807      
0.00182534    852.966      
0.00182627    854.172      
0.0018272     855.387      
0.00182813    856.043      
0.00182906    856.059      
0.00182999    854.707      
0.00183092    850.217      
0.00183184    840.893      
0.00183277    826.863      
0.00183368    812.66       
0.00183459    808.829      
0.0018355     808.675      
0.0018364     810.57       
0.00183729    815.275      
0.00183819    820.987      
0.00183908    825.866      
0.00183998    829.631      
0.00184087    833.33       
0.00184178    837.53       
0.00184268    841.828      
0.00184358    845.649      
0.00184449    848.941      
0.00184539    851.863      
0.0018463     854.539      
0.0018472     857.039      
0.00184811    858.95       
0.00184901    859.111      
0.00184991    858.572      
0.00185081    857.046      
0.00185171    855.915      
0.00185261    855.879      
0.00185351    856.693      
0.0018544     857.891      
0.0018553     858.137      
0.0018562     857.66       
0.00185709    855.02       
0.00185799    849.662      
0.00185889    842.481      
0.00185979    835.131      
0.00186069    828.881      
0.0018616     824.271      
0.00186251    821.306      
0.00186341    820.326      
0.00186431    820.158      
0.00186521    820.343      
0.00186611    821.113      
0.001867      821.54       
0.00186788    821.457      
0.00186877    820.925      
0.00186964    819.679      
0.00187052    817.821      
0.00187139    815.657      
0.00187225    813.515      
0.00187312    811.532      
0.00187399    809.775      
0.00187488    808.266      
0.00187578    806.983      
0.00187669    805.842      
0.00187759    804.723      
0.0018785     803.55       
0.00187941    802.311      
0.00188032    801.081      
0.00188123    800.001      
0.00188215    799.136      
0.00188306    798.738      
0.00188397    798.695      
0.00188489    798.728      
0.0018858     798.877      
0.00188672    799.203      
0.00188765    799.733      
0.00188857    800.483      
0.00188949    801.4        
0.00189041    802.461      
0.00189133    803.619      
0.00189225    804.796      
0.00189316    805.899      
0.00189408    806.866      
0.00189499    807.676      
0.0018959     808.354      
0.0018968     808.914      
0.0018977     809.41       
0.00189859    809.864      
0.00189947    810.298      
0.00190035    810.748      
0.00190122    811.246      
0.00190209    811.818      
0.00190296    812.48       
0.00190383    813.235      
0.00190471    814.07       
0.0019056     814.963      
0.00190649    815.91       
0.00190739    816.938      
0.0019083     818.005      
0.00190921    819.182      
0.00191013    820.525      
0.00191104    822.063      
0.00191194    823.753      
0.00191284    825.456      
0.00191373    826.931      
0.00191462    828.001      
0.00191551    828.473      
0.00191639    828.679      
0.00191727    828.903      
0.00191816    829.375      
0.00191904    830.32       
0.00191992    831.816      
0.00192081    833.797      
0.00192169    836.163      
0.00192258    838.928      
0.00192347    842.169      
0.00192437    846.216      
0.00192527    851.132      
0.00192617    855.809      
0.00192708    857.464      
0.00192799    858.122      
0.00192891    857.843      
0.00192983    855.638      
0.00193074    851.798      
0.00193166    847.359      
0.00193258    843.215      
0.0019335     839.904      
0.00193442    837.022      
0.00193534    833.907      
0.00193626    830.235      
0.00193718    826.198      
0.00193811    822.946      
0.00193903    822.223      
0.00193996    822.182      
0.00194088    822.325      
0.00194179    822.798      
0.00194268    823.702      
0.00194357    824.934      
0.00194445    826.419      
0.00194533    828.139      
0.00194622    830.108      
0.0019471     832.225      
0.001948      834.33       
0.0019489     836.224      
0.00194982    837.648      
0.00195074    838.026      
0.00195166    838.048      
0.00195259    837.947      
0.00195351    837.515      
0.00195443    836.515      
0.00195534    834.746      
0.00195626    832.071      
0.00195717    828.499      
0.00195808    824.343      
0.00195899    820.228      
0.00195989    818.002      
0.0019608     817.728      
0.0019617     817.875      
0.00196261    818.557      
0.00196351    819.867      
0.0019644     821.543      
0.00196529    823.256      
0.00196617    824.795      
0.00196705    826.084      
0.00196794    827.115      
0.00196884    827.893      
0.00196974    828.231      
0.00197065    828.287      
0.00197156    828.271      
0.00197246    828.123      
0.00197336    827.728      
0.00197426    827.049      
0.00197515    826.151      
0.00197604    825.67       
0.00197694    825.663      
0.00197783    825.996      
0.00197873    826.82       
0.00197962    828.032      
0.00198053    829.401      
0.00198144    830.402      
0.00198235    830.551      
0.00198327    830.415      
0.00198419    829.716      
0.0019851     828.416      
0.00198602    826.805      
0.00198693    825.792      
0.00198785    825.774      
0.00198876    825.979      
0.00198967    826.438      
0.00199059    827.102      
0.0019915     827.899      
0.00199243    828.86       
0.00199335    830.112      
0.00199427    831.658      
0.00199521    833.433      
0.00199615    835.406      
0.00199709    837.466      
0.00199803    839.482      
0.00199897    841.43       
0.00199991    843.357      
0.00200085    845.308      
0.0020018     847.343      
0.00200274    849.568      
0.00200368    852.053      
0.00200462    854.727      
0.00200555    857.265      
0.00200648    859.459      
0.00200741    861.223      
0.00200834    862.596      
0.00200928    863.644      
0.00201022    863.796      
0.00201116    863.517      
0.0020121     862.395      
0.00201304    859.841      
0.00201398    855.545      
0.00201491    849.742      
0.00201585    843.262      
0.00201678    837.219      
0.0020177     832.487      
0.00201863    829.468      
0.00201954    828.7        
0.00202046    828.624      
0.00202138    828.939      
0.00202229    830.124      
0.00202321    831.836      
0.00202413    833.546      
0.00202505    835.027      
0.00202598    835.87       
0.0020269     835.896      
0.00202782    835.718      
0.00202875    835.213      
0.00202967    834.288      
0.00203059    833.038      
0.00203151    831.759      
0.00203243    831.426      
0.00203335    831.508      
0.00203427    831.993      
0.00203519    832.986      
0.00203612    834.374      
0.00203704    835.586      
0.00203796    835.868      
0.00203889    835.702      
0.00203981    834.811      
0.00204073    833.473      
0.00204166    832.289      
0.00204259    831.968      
0.00204351    831.964      
0.00204444    832.246      
0.00204537    832.88       
0.00204629    833.78       
0.0020472     834.769      
0.00204812    835.234      
0.00204902    835.236      
0.00204993    834.961      
0.00205083    834.056      
0.00205173    832.257      
0.00205262    829.493      
0.00205352    825.881      
0.00205441    821.778      
0.00205529    817.747      
0.00205618    815.628      
0.00205706    815.433      
0.00205795    815.679      
0.00205883    816.601      
0.00205971    818.287      
0.00206058    820.586      
0.00206146    823.294      
0.00206234    826.206      
0.00206321    829.163      
0.00206409    832.058      
0.00206496    834.78       
0.00206583    837.191      
0.00206671    839.121      
0.00206758    840.444      
0.00206846    841.189      
0.00206933    841.456      
0.00207021    841.567      
0.00207108    841.604      
0.00207196    841.487      
0.00207283    841.044      
0.00207371    840.228      
0.00207459    839.142      
0.00207547    837.896      
0.00207635    836.365      
0.00207725    833.763      
0.00207818    828.977      
0.00207911    821.382      
0.00208005    811.315      
0.00208099    800.329      
0.00208192    790.806      
0.00208286    786.218      
0.0020838     785.31       
0.00208474    785.21       
0.00208568    785.281      
0.00208661    785.53       
0.00208755    786.076      
0.00208848    786.928      
0.0020894     788.024      
0.00209032    789.338      
0.00209123    790.89       
0.00209213    792.712      
0.00209304    794.786      
0.00209394    797.019      
0.00209484    799.265      
0.00209573    801.384      
0.00209662    803.277      
0.00209751    804.91       
0.0020984     806.355      
0.00209929    807.694      
0.00210019    808.977      
0.00210109    810.25       
0.00210199    811.638      
0.0021029     813.306      
0.00210382    815.335      
0.00210474    817.723      
0.00210567    820.475      
0.0021066     823.541      
0.00210753    826.72       
0.00210846    829.686      
0.00210939    830.967      
0.00211032    831.026      
0.00211124    830.679      
0.00211215    829.736      
0.00211306    828.357      
0.00211397    826.959      
0.00211487    826.513      
0.00211578    826.512      
0.00211668    826.771      
0.00211758    827.397      
0.00211849    828.32       
0.0021194     829.432      
0.00212032    830.657      
0.00212124    831.96       
0.00212217    833.292      
0.00212311    834.67       
0.00212405    836.113      
0.002125      837.692      
0.00212594    839.564      
0.00212688    841.901      
0.00212782    844.736      
0.00212875    847.841      
0.00212968    850.28       
0.00213061    850.761      
0.00213153    850.712      
0.00213245    849.944      
0.00213337    848.02       
0.00213429    845.03       
0.0021352     841.444      
0.00213611    837.832      
0.00213703    834.637      
0.00213795    831.935      
0.00213887    829.719      
0.00213979    828.647      
0.00214072    828.538      
0.00214165    828.645      
0.00214258    829.105      
0.00214351    829.963      
0.00214443    831.063      
0.00214534    831.662      
0.00214625    831.69       
0.00214715    831.187      
0.00214805    829.485      
0.00214894    826.262      
0.00214983    821.621      
0.00215071    816.086      
0.0021516     810.547      
0.00215248    806.137      
0.00215337    804.97       
0.00215426    804.91       
0.00215515    805.193      
0.00215604    805.862      
0.00215693    806.696      
0.00215783    807.511      
0.00215873    808.325      
0.00215963    809.324      
0.00216053    810.758      
0.00216142    812.838      
0.00216231    815.637      
0.0021632     819.126      
0.00216408    823.215      
0.00216497    827.748      
0.00216585    832.51       
0.00216673    837.286      
0.00216761    841.918      
0.00216849    846.304      
0.00216937    850.392      
0.00217025    854.207      
0.00217112    857.808      
0.002172      861.002      
0.00217288    861.637      
0.00217376    861.173      
0.00217463    858.764      
0.00217551    853.282      
0.00217639    844.626      
0.00217727    834.214      
0.00217816    829.219      
0.00217904    828.882      
0.00217992    829.631      
0.00218081    831.793      
0.0021817     834.879      
0.00218259    837.962      
0.00218348    840.416      
0.00218437    842.315      
0.00218526    843.898      
0.00218616    845.329      
0.00218706    846.617      
0.00218795    847.678      
0.00218885    848.494      
0.00218976    849.071      
0.00219066    849.191      
0.00219156    849.098      
0.00219247    848.555      
0.00219337    847.164      
0.00219428    844.526      
0.00219519    840.362      
0.00219611    834.729      
0.00219702    828.283      
0.00219793    822.243      
0.00219884    820.515      
0.00219974    820.607      
0.00220063    821.588      
0.00220151    823.884      
0.00220238    827.108      
0.00220325    830.563      
0.00220411    833.554      
0.00220496    834.515      
0.00220582    834.722      
0.00220667    834.483      
0.00220752    833.483      
0.00220838    831.653      
0.00220924    829.319      
0.00221011    827.341      
0.00221099    827.019      
0.00221189    827.174      
0.0022128     827.999      
0.00221373    829.632      
0.00221464    831.668      
0.00221555    833.618      
0.00221644    835.191      
0.00221733    836.387      
0.00221823    837.375      
0.00221913    838.381      
0.00222004    839.536      
0.00222097    840.894      
0.0022219     842.408      
0.00222283    844.01       
0.00222376    845.646      
0.00222469    847.275      
0.00222561    848.838      
0.00222653    850.268      
0.00222745    851.512      
0.00222837    852.532      
0.00222929    852.906      
0.00223021    852.881      
0.00223114    852.627      
0.00223206    852.007      
0.00223299    850.987      
0.00223392    849.757      
0.00223484    849.272      
0.00223577    849.271      
0.0022367     850.246      
0.00223763    852.24       
0.00223855    854.49       
0.00223948    855.81       
0.00224041    855.992      
0.00224134    855.925      
0.00224228    855.504      
0.00224321    854.577      
0.00224414    852.981      
0.00224507    850.507      
0.002246      846.869      
0.00224693    841.659      
0.00224786    834.839      
0.00224879    827.076      
0.00224972    819.941      
0.00225066    817.569      
0.00225159    817.31       
0.00225253    818.096      
0.00225346    821.086      
0.00225439    826.151      
0.00225532    832.439      
0.00225625    839.175      
0.00225718    845.72       
0.00225811    851.568      
0.00225904    856.337      
0.00225998    859.865      
0.00226091    862.266      
0.00226185    863.795      
0.00226279    864.795      
0.00226373    865.633      
0.00226466    866.623      
0.0022656     868.01       
0.00226654    869.884      
0.00226747    872.1        
0.0022684     873.989      
0.00226933    874.328      
0.00227025    874.096      
0.00227117    872.695      
0.00227208    869.842      
0.00227299    865.667      
0.00227389    860.583      
0.0022748     855.269      
0.0022757     849.985      
0.00227661    844.095      
0.00227751    836.367      
0.00227842    825.925      
0.00227934    813.501      
0.00228026    801.531      
0.00228118    793.796      
0.00228211    792.147      
0.00228304    792.056      
0.00228396    792.531      
0.00228488    793.992      
0.00228579    796.306      
0.00228671    799.017      
0.00228763    801.768      
0.00228854    804.476      
0.00228945    807.241      
0.00229035    810.182      
0.00229125    813.241      
0.00229215    816.297      
0.00229304    819.213      
0.00229393    821.857      
0.00229482    824.121      
0.00229571    825.972      
0.0022966     827.449      
0.00229749    828.614      
0.00229839    829.542      
0.0022993     830.093      
0.00230021    830.23       
0.00230112    830.268      
0.00230204    830.141      
0.00230295    829.815      
0.00230386    829.385      
0.00230477    828.94       
0.00230568    828.49       
0.00230658    827.97       
0.00230749    827.303      
0.00230839    826.402      
0.0023093     825.205      
0.00231021    823.73       
0.00231111    822.05       
0.00231201    820.286      
0.00231292    818.552      
0.00231382    816.91       
0.00231472    815.369      
0.00231562    813.905      
0.00231651    812.595      
0.00231741    811.969      
0.0023183     811.913      
0.00231919    812.026      
0.00232008    812.447      
0.00232097    813.265      
0.00232187    814.476      
0.00232277    816.035      
0.00232367    817.872      
0.00232456    819.934      
0.00232546    822.192      
0.00232636    824.617      
0.00232725    827.195      
0.00232814    829.798      
0.00232904    832.292      
0.00232993    834.544      
0.00233082    836.414      
0.00233171    837.227      
0.0023326     837.308      
0.00233349    837.26       
0.00233438    837.079      
0.00233528    836.724      
0.00233618    836.121      
0.00233708    835.179      
0.00233798    833.853      
0.00233889    832.132      
0.0023398     830.065      
0.00234072    827.827      
0.00234163    826.187      
0.00234255    826.072      
0.00234346    826.474      
0.00234438    827.674      
0.00234529    829.479      
0.0023462     831.531      
0.00234712    833.794      
0.00234803    836.547      
0.00234895    840.054      
0.00234986    844.652      
0.00235078    850.305      
0.00235169    856.219      
0.0023526     861.704      
0.00235351    866.765      
0.00235443    871.715      
0.00235535    875.178      
0.00235626    876.144      
0.00235718    874.714      
0.00235809    868.515      
0.002359      857.092      
0.00235991    846.955      
0.00236081    845.215      
0.00236172    845.865      
0.00236263    849.741      
0.00236353    854.533      
0.00236444    855.293      
0.00236535    854.852      
0.00236627    852.522      
0.00236717    848.357      
0.00236808    843.672      
0.00236898    839.727      
0.00236988    837.035      
0.00237079    835.293      
0.00237169    834.832      
0.00237259    834.896      
0.00237351    835.507      
0.00237442    836.923      
0.00237533    838.644      
0.00237624    839.21       
0.00237715    839.289      
0.00237806    838.632      
0.00237896    837.134      
0.00237987    835.348      
0.00238077    834.805      
0.00238168    834.851      
0.00238258    835.436      
0.00238348    836.639      
0.00238439    837.244      
0.00238529    837.247      
0.0023862     836.095      
0.00238711    832.977      
0.00238802    828.404      
0.00238894    824.234      
0.00238985    823.236      
0.00239076    823.242      
0.00239168    823.533      
0.00239259    824.345      
0.00239351    825.623      
0.00239442    827.145      
0.00239534    828.662      
0.00239625    830.042      
0.00239717    831.311      
0.00239808    832.57       
0.002399      833.926      
0.00239992    835.453      
0.00240085    837.048      
0.00240178    838.596      
0.00240271    840.02       
0.00240364    841.279      
0.00240456    842.395      
0.00240548    843.463      
0.00240639    844.616      
0.0024073     845.965      
0.00240819    847.557      
0.00240907    849.284      
0.00240995    850.972      
0.00241083    852.426      
0.0024117     853.586      
0.00241257    854.48       
0.00241344    855.062      
0.00241431    855.336      
0.00241519    855.411      
0.00241607    855.413      
0.00241696    855.333      
0.00241785    855.123      
0.00241874    854.753      
0.00241963    854.159      
0.00242051    853.291      
0.00242139    852.119      
0.00242227    850.623      
0.00242312    848.695      
0.00242396    846.095      
0.00242479    842.678      
0.00242561    838.481      
0.00242643    833.774      
0.00242724    829.25       
0.00242805    827.756      
0.00242886    827.696      
0.00242968    828.213      
0.00243051    829.815      
0.00243135    832.517      
0.0024322     835.891      
0.00243306    839.197      
0.00243391    841.835      
0.00243475    843.59       
0.00243559    844.528      
0.00243643    844.923      
0.00243727    845.104      
0.0024381     845.378      
0.00243892    845.983      
0.00243975    847.034      
0.00244057    848.509      
0.00244139    850.241      
0.00244222    851.958      
0.00244305    853.281      
0.00244388    853.518      
0.00244471    853.442      
0.00244555    853.018      
0.0024464     852.004      
0.00244726    850.358      
0.00244813    848.238      
0.002449      846.077      
0.00244988    844.373      
0.00245075    843.736      
0.00245162    843.442      
0.00245248    843.295      
0.00245335    843.043      
0.0024542     842.501      
0.00245506    841.511      
0.00245592    840.18       
0.00245679    838.595      
0.00245766    836.746      
0.00245853    834.598      
0.00245941    832.226      
0.0024603     829.722      
0.0024612     827.144      
0.0024621     824.597      
0.002463      822.244      
0.0024639     820.157      
0.0024648     818.357      
0.0024657     816.902      
0.00246659    815.878      
0.00246748    815.438      
0.00246837    815.413      
0.00246925    815.483      
0.00247013    815.718      
0.00247101    816.255      
0.00247188    817.202      
0.00247276    818.582      
0.00247363    820.306      
0.00247451    822.282      
0.00247538    824.406      
0.00247626    826.63       
0.00247714    828.899      
0.00247802    831.146      
0.0024789     833.33       
0.00247978    835.382      
0.00248066    837.282      
0.00248154    839.025      
0.00248242    840.66       
0.0024833     842.158      
0.00248418    843.383      
0.00248506    843.725      
0.00248594    843.738      
0.00248681    843.5        
0.00248768    842.888      
0.00248856    842.076      
0.00248943    841.658      
0.00249031    841.564      
0.00249119    841.526      
0.00249206    841.403      
0.00249294    841.114      
0.00249384    840.665      
0.00249472    840.014      
0.0024956     839.034      
0.00249648    837.612      
0.00249736    835.767      
0.00249821    833.843      
0.00249906    832.265      
0.00249991    831.284      
0.00250079    830.583      
0.00250166    829.897      
0.00250254    829.597      
0.00250342    829.655      
0.0025043     829.674      
0.00250518    829.355      
0.00250607    828.543      
0.00250695    827.357      
0.00250782    826.468      
0.0025087     826.416      
0.00250957    826.778      
0.00251044    828.073      
0.00251132    830.018      
0.00251219    830.824      
0.00251307    831.098      
0.00251394    830.565      
0.00251482    828.726      
0.0025157     826.321      
0.00251658    825.705      
0.00251746    825.858      
0.00251834    827.387      
0.00251923    831.314      
0.00252011    836.641      
0.00252099    841.805      
0.00252188    845.603      
0.00252277    847.869      
0.00252366    849.234      
0.00252456    850.244      
0.00252546    851.078      
0.00252636    851.34       
0.00252727    851.34       
0.00252819    850.94       
0.00252911    849.614      
0.00253003    846.998      
0.00253095    843.093      
0.00253187    838.308      
0.00253279    833.074      
0.00253372    828.272      
0.00253464    827.011      
0.00253556    827.072      
0.00253648    828.886      
0.0025374     833.313      
0.00253831    839.087      
0.00253923    842.51       
0.00254015    842.973      
0.00254106    842.791      
0.00254197    841.829      
0.00254289    839.975      
0.0025438     838.013      
0.0025447     837.574      
0.00254561    837.629      
0.00254652    838.096      
0.00254741    839.167      
0.0025483     840.695      
0.00254918    842.462      
0.00255005    843.173      
0.00255092    843.018      
0.00255178    841.797      
0.00255264    838.433      
0.0025535     832.405      
0.00255435    824.136      
0.00255521    814.981      
0.00255607    806.779      
0.00255693    800.789      
0.00255779    798.289      
0.00255866    797.819      
0.00255953    797.795      
0.00256041    798.272      
0.0025613     799.563      
0.00256218    801.587      
0.00256305    804.178      
0.00256392    807.219      
0.00256479    810.562      
0.00256565    814.112      
0.00256651    817.741      
0.00256736    821.361      
0.00256821    824.757      
0.00256906    827.77       
0.00256992    830.426      
0.00257077    832.805      
0.00257163    834.926      
0.00257249    836.802      
0.00257335    838.133      
0.00257421    838.412      
0.00257508    838.365      
0.00257596    837.755      
0.00257684    835.927      
0.00257773    832.855      
0.00257863    830.001      
0.00257952    829.556      
0.00258042    829.766      
0.00258132    830.739      
0.00258222    832.382      
0.00258312    834.353      
0.00258401    836.481      
0.00258491    838.781      
0.00258581    841.329      
0.0025867     844.162      
0.0025876     847.32       
0.0025885     850.873      
0.00258939    855.016      
0.00259029    860.088      
0.00259119    865.717      
0.00259209    870.952      
0.00259299    874.173      
0.00259389    874.622      
0.00259478    874.182      
0.00259568    871.624      
0.00259657    865.731      
0.00259746    856.7        
0.00259836    847.917      
0.00259925    846.051      
0.00260014    846.232      
0.00260103    847.773      
0.00260193    850.697      
0.00260282    853.7        
0.00260372    856.008      
0.00260462    857.547      
0.00260551    858.43       
0.00260641    858.867      
0.0026073     858.832      
0.00260819    858.506      
0.00260908    857.523      
0.00260997    855.624      
0.00261086    852.742      
0.00261174    848.929      
0.00261263    844.277      
0.00261351    839.17       
0.00261439    835.032      
0.00261527    834.148      
0.00261615    834.192      
0.00261703    835.147      
0.00261791    837.826      
0.00261879    842.284      
0.00261967    848.254      
0.00262055    855.41       
0.00262143    863.215      
0.00262231    870.614      
0.00262319    873.319      
0.00262407    873.529      
0.00262495    871.415      
0.00262584    864.799      
0.00262672    852.812      
0.00262761    836.712      
0.00262849    820.251      
0.00262938    809.891      
0.00263027    807.652      
0.00263116    807.429      
0.00263205    807.7        
0.00263294    808.782      
0.00263383    810.876      
0.00263472    813.663      
0.00263562    816.388      
0.00263652    817.061      
0.00263743    816.983      
0.00263834    816.041      
0.00263925    813.692      
0.00264016    809.966      
0.00264108    805.409      
0.00264199    800.858      
0.0026429     798.8        
0.00264381    798.704      
0.00264472    799.835      
0.00264563    803.087      
0.00264654    808.336      
0.00264745    815.051      
0.00264836    822.586      
0.00264927    828.701      
0.00265019    830.262      
0.0026511     830.511      
0.00265201    828.74       
0.00265292    824.224      
0.00265383    817.755      
0.00265474    810.983      
0.00265565    805.316      
0.00265656    801.225      
0.00265748    798.518      
0.00265839    796.958      
0.00265929    796.153      
0.00266019    795.702      
0.00266108    795.31       
0.00266198    794.878      
0.00266286    794.543      
0.00266374    794.551      
0.00266462    794.722      
0.0026655     795.404      
0.00266638    796.812      
0.00266726    799.076      
0.00266814    802.295      
0.00266902    806.36       
0.0026699     810.896      
0.00267078    815.298      
0.00267165    818.843      
0.00267253    819.96       
0.00267341    820.181      
0.0026743     819.895      
0.0026752     818.645      
0.0026761     816.711      
0.00267702    814.624      
0.00267793    812.784      
0.00267885    811.368      
0.00267977    810.308      
0.00268069    809.365      
0.00268161    808.352      
0.00268253    807.219      
0.00268345    806.005      
0.00268437    804.769      
0.00268529    803.586      
0.0026862     802.553      
0.00268712    802.226      
0.00268804    802.266      
0.00268895    802.604      
0.00268986    803.43       
0.00269077    804.75       
0.00269168    806.471      
0.00269259    808.482      
0.0026935     810.64       
0.00269441    812.797      
0.00269533    814.739      
0.00269625    815.906      
0.00269716    816.122      
0.00269808    816.152      
0.00269899    815.996      
0.0026999     815.789      
0.00270081    815.843      
0.00270173    816.217      
0.00270264    817.294      
0.00270355    819.174      
0.00270446    821.584      
0.00270537    823.98       
0.00270628    824.725      
0.00270719    824.712      
0.0027081     824.035      
0.00270901    822.36       
0.00270992    819.761      
0.00271083    816.455      
0.00271174    812.541      
0.00271265    807.904      
0.00271356    802.527      
0.00271447    796.744      
0.00271538    791.45       
0.00271629    789.596      
0.0027172     789.453      
0.00271811    789.862      
0.00271902    791.231      
0.00271993    793.522      
0.00272084    796.407      
0.00272175    799.37       
0.00272267    801.83       
0.00272358    802.637      
0.00272448    802.799      
0.0027254     802.753      
0.0027263     802.294      
0.00272721    801.553      
0.00272811    801.228      
0.00272901    801.254      
0.0027299     801.545      
0.00273079    802.305      
0.00273168    803.518      
0.00273257    805.105      
0.00273346    806.996      
0.00273434    808.919      
0.00273523    810.67       
0.00273611    812.141      
0.00273699    813.307      
0.00273787    814.223      
0.00273874    814.924      
0.0027396     815.425      
0.00274047    815.772      
0.00274133    816.049      
0.00274218    816.38       
0.00274304    816.882      
0.00274391    817.538      
0.00274477    818.21       
0.00274564    818.764      
0.00274651    819.173      
0.00274738    819.544      
0.00274826    820.071      
0.00274914    820.951      
0.00275002    822.344      
0.00275091    824.353      
0.0027518     826.947      
0.00275269    829.941      
0.00275359    832.973      
0.00275449    834.544      
0.00275539    834.65       
0.00275631    834.221      
0.00275722    833.178      
0.00275813    831.759      
0.00275903    830.254      
0.00275992    828.883      
0.00276082    828.367      
0.00276172    828.344      
0.00276262    828.53       
0.00276352    829.063      
0.00276443    829.89       
0.00276534    830.718      
0.00276626    830.923      
0.00276719    830.938      
0.00276811    830.888      
0.00276903    830.895      
0.00276995    831.14       
0.00277087    832.011      
0.00277178    833.835      
0.0027727     836.706      
0.00277361    840.66       
0.00277453    845.363      
0.00277544    850.289      
0.00277635    854.793      
0.00277726    858.383      
0.00277816    860.912      
0.00277907    862.308      
0.00277998    862.848      
0.00278088    863.087      
0.00278178    862.655      
0.00278269    860.886      
0.00278359    857.635      
0.00278449    853.068      
0.00278538    847.495      
0.00278628    841.604      
0.00278718    835.706      
0.00278807    829.776      
0.00278896    823.817      
0.00278986    817.814      
0.00279075    811.581      
0.00279163    805.003      
0.00279252    798.443      
0.00279341    792.721      
0.00279429    789.54       
0.00279518    789.015      
0.00279606    789.168      
0.00279695    790.406      
0.00279783    792.948      
0.00279872    796.402      
0.0027996     800.105      
0.00280048    803.326      
0.00280137    805.684      
0.00280225    807.159      
0.00280314    807.853      
0.00280402    808.001      
0.0028049     807.935      
0.00280579    808.077      
0.00280667    809.544      
0.00280756    812.982      
0.00280844    817.853      
0.00280933    823.296      
0.00281022    828.061      
0.00281111    829.372      
0.002812      829.376      
0.00281289    828.5        
0.00281378    825.597      
0.00281467    820.564      
0.00281557    814.415      
0.00281647    808.635      
0.00281737    804.989      
0.00281827    804.014      
0.00281916    803.763      
0.00282004    803.753      
0.00282091    804.095      
0.00282178    804.791      
0.00282264    805.795      
0.00282349    807.127      
0.00282435    808.807      
0.0028252     810.741      
0.00282606    812.188      
0.00282692    812.332      
0.00282779    811.973      
0.00282866    810.567      
0.00282955    807.891      
0.00283043    804.176      
0.00283132    799.895      
0.0028322     795.546      
0.00283308    791.377      
0.00283396    787.824      
0.00283484    786.715      
0.00283571    786.684      
0.00283659    787.063      
0.00283747    788.386      
0.00283836    790.841      
0.00283924    794.156      
0.00284012    798.013      
0.00284101    802.045      
0.00284189    804.795      
0.00284277    805.465      
0.00284365    805.497      
0.00284453    804.517      
0.00284542    802.487      
0.0028463     800.03       
0.00284719    797.667      
0.00284807    795.769      
0.00284896    794.825      
0.00284985    794.692      
0.00285074    794.765      
0.00285163    795.052      
0.00285253    795.744      
0.00285343    796.81       
0.00285433    798.104      
0.00285524    799.485      
0.00285614    800.825      
0.00285705    802.081      
0.00285797    803.256      
0.00285888    804.385      
0.0028598     805.519      
0.00286071    806.692      
0.00286162    807.887      
0.00286253    809.041      
0.00286344    810.079      
0.00286434    810.934      
0.00286524    811.553      
0.00286614    812.026      
0.00286703    812.388      
0.00286792    812.684      
0.00286881    812.967      
0.0028697     813.278      
0.00287058    813.65       
0.00287146    814.109      
0.00287233    814.682      
0.00287321    815.403      
0.00287409    816.304      
0.00287495    817.402      
0.00287581    818.687      
0.00287667    820.102      
0.00287752    821.549      
0.00287837    822.866      
0.00287922    823.498      
0.00288006    823.81       
0.0028809     823.915      
0.00288175    823.578      
0.00288259    822.772      
0.00288343    821.685      
0.00288427    820.506      
0.0028851     819.426      
0.00288594    818.556      
0.00288677    817.818      
0.0028876     816.997      
0.00288844    815.973      
0.00288928    814.715      
0.00289013    813.188      
0.00289099    811.595      
0.00289186    810.927      
0.00289274    810.887      
0.00289363    811.019      
0.00289453    811.474      
0.00289545    812.377      
0.00289637    813.605      
0.00289729    814.99       
0.00289821    816.475      
0.00289913    818.059      
0.00290004    819.707      
0.00290096    821.413      
0.00290187    823.185      
0.00290278    824.917      
0.00290368    826.65       
0.00290457    828.457      
0.00290546    830.397      
0.00290634    832.522      
0.00290722    834.862      
0.00290809    837.378      
0.00290897    839.97       
0.00290984    842.586      
0.00291071    845.028      
0.00291158    847.156      
0.00291246    848.933      
0.00291333    850.409      
0.00291421    851.669      
0.0029151     852.773      
0.00291598    853.848      
0.00291686    855.054      
0.00291774    856.358      
0.00291862    857.79       
0.0029195     859.413      
0.00292039    861.167      
0.00292128    862.954      
0.00292217    863.623      
0.00292306    863.54       
0.00292395    862.072      
0.00292483    858.152      
0.00292571    851.122      
0.00292658    841.104      
0.00292746    829.681      
0.00292833    820.053      
0.0029292     817.119      
0.00293008    816.632      
0.00293096    816.681      
0.00293184    817.05       
0.00293272    817.898      
0.00293362    819.127      
0.00293451    820.608      
0.00293542    822.309      
0.00293633    824.176      
0.00293724    826.14       
0.00293815    828.137      
0.00293906    830.171      
0.00293997    832.2        
0.00294088    834.116      
0.0029418     835.86       
0.00294271    837.463      
0.00294363    839.001      
0.00294455    840.523      
0.00294547    842.032      
0.0029464     843.49       
0.00294732    844.539      
0.00294824    844.946      
0.00294916    844.98       
0.00295007    843.73       
0.00295099    840.666      
0.0029519     835.85       
0.00295281    829.561      
0.00295372    822.644      
0.00295463    816.18       
0.00295553    810.932      
0.00295644    807.46       
0.00295735    806.396      
0.00295826    806.16       
0.00295916    806.135      
0.00296007    806.165      
0.00296098    806.286      
0.00296189    806.557      
0.0029628     807.02       
0.00296372    807.626      
0.00296463    808.342      
0.00296554    809.163      
0.00296645    810.074      
0.00296735    811.053      
0.00296825    812.131      
0.00296915    813.394      
0.00297004    814.895      
0.00297094    816.601      
0.00297183    818.503      
0.00297273    820.622      
0.00297363    822.932      
0.00297454    825.326      
0.00297545    827.654      
0.00297636    829.783      
0.00297726    831.689      
0.00297817    833.425      
0.00297908    835.285      
0.00297998    837.476      
0.00298088    840.162      
0.00298178    843.395      
0.00298269    846.933      
0.00298359    850.173      
0.00298449    851.247      
0.00298539    851.15       
0.00298629    850.025      
0.00298719    846.642      
0.0029881     840.69       
0.002989      833.031      
0.0029899     825.534      
0.0029908     819.954      
0.0029917     817.54       
0.00299261    817.056      
0.00299351    817.007      
0.00299441    817.044      
0.00299531    817.11       
0.0029962     817.152      
0.00299708    817.103      
0.00299797    816.847      
0.00299885    816.297      
0.00299973    815.455      
0.00300063    814.473      
0.00300154    813.979      
0.00300245    814.048      
0.00300335    814.327      
0.00300427    814.96       
0.00300518    815.867      
0.0030061     816.511      
0.00300701    816.68       
0.00300793    816.508      
0.00300885    815.825      
0.00300976    814.841      
0.00301067    814.312      
0.00301159    814.342      
0.0030125     814.706      
0.00301341    815.6        
0.00301431    816.853      
0.00301522    818.223      
0.00301613    819.583      
0.00301704    820.931      
0.00301795    822.344      
0.00301885    823.927      
0.00301976    825.76       
