# Region type : patch outlet
# Faces  :    1008
# Area   :    1.407929e-05
# Time        	sum(phi)
0.001         	3.100038e-03
0.0010001     	3.099491e-03
0.00100019    	3.098954e-03
0.00100029    	3.098426e-03
0.00100038    	3.097909e-03
0.00100048    	3.097405e-03
0.00100057    	3.096914e-03
0.00100067    	3.096436e-03
0.00100076    	3.095969e-03
0.00100086    	3.095515e-03
0.00100095    	3.095071e-03
0.00100105    	3.094639e-03
0.00100115    	3.094218e-03
0.00100124    	3.093809e-03
0.00100134    	3.093412e-03
0.00100143    	3.093027e-03
0.00100153    	3.092652e-03
0.00100162    	3.092286e-03
0.00100172    	3.091931e-03
0.00100181    	3.091588e-03
0.00100191    	3.091256e-03
0.001002      	3.090933e-03
0.0010021     	3.090621e-03
0.00100219    	3.090321e-03
0.00100229    	3.090033e-03
0.00100238    	3.089753e-03
0.00100248    	3.089481e-03
0.00100257    	3.089218e-03
0.00100267    	3.088962e-03
0.00100277    	3.088713e-03
0.00100286    	3.088468e-03
0.00100296    	3.088227e-03
0.00100305    	3.087989e-03
0.00100315    	3.087754e-03
0.00100324    	3.087523e-03
0.00100334    	3.087295e-03
0.00100343    	3.087070e-03
0.00100353    	3.086848e-03
0.00100362    	3.086630e-03
0.00100372    	3.086415e-03
0.00100381    	3.086207e-03
0.00100391    	3.086003e-03
0.001004      	3.085803e-03
0.0010041     	3.085606e-03
0.00100419    	3.085410e-03
0.00100429    	3.085216e-03
0.00100438    	3.085021e-03
0.00100448    	3.084825e-03
0.00100457    	3.084631e-03
0.00100467    	3.084436e-03
0.00100476    	3.084241e-03
0.00100486    	3.084047e-03
0.00100495    	3.083853e-03
0.00100505    	3.083659e-03
0.00100514    	3.083462e-03
0.00100524    	3.083263e-03
0.00100533    	3.083064e-03
0.00100542    	3.082864e-03
0.00100552    	3.082664e-03
0.00100561    	3.082463e-03
0.00100571    	3.082261e-03
0.0010058     	3.082058e-03
0.0010059     	3.081858e-03
0.00100599    	3.081664e-03
0.00100608    	3.081473e-03
0.00100618    	3.081285e-03
0.00100627    	3.081095e-03
0.00100637    	3.080905e-03
0.00100646    	3.080716e-03
0.00100656    	3.080527e-03
0.00100665    	3.080340e-03
0.00100675    	3.080157e-03
0.00100684    	3.079974e-03
0.00100693    	3.079791e-03
0.00100703    	3.079606e-03
0.00100712    	3.079417e-03
0.00100722    	3.079224e-03
0.00100731    	3.079030e-03
0.00100741    	3.078835e-03
0.0010075     	3.078638e-03
0.00100759    	3.078439e-03
0.00100769    	3.078234e-03
0.00100778    	3.078026e-03
0.00100788    	3.077814e-03
0.00100797    	3.077599e-03
0.00100807    	3.077383e-03
0.00100816    	3.077164e-03
0.00100826    	3.076943e-03
0.00100835    	3.076722e-03
0.00100845    	3.076501e-03
0.00100854    	3.076279e-03
0.00100864    	3.076057e-03
0.00100873    	3.075832e-03
0.00100883    	3.075606e-03
0.00100892    	3.075379e-03
0.00100902    	3.075152e-03
0.00100911    	3.074924e-03
0.00100921    	3.074693e-03
0.0010093     	3.074453e-03
0.0010094     	3.074209e-03
0.00100949    	3.073961e-03
0.00100959    	3.073710e-03
0.00100968    	3.073454e-03
0.00100978    	3.073192e-03
0.00100987    	3.072924e-03
0.00100997    	3.072652e-03
0.00101006    	3.072377e-03
0.00101016    	3.072098e-03
0.00101026    	3.071815e-03
0.00101035    	3.071532e-03
0.00101045    	3.071245e-03
0.00101054    	3.070954e-03
0.00101064    	3.070657e-03
0.00101073    	3.070356e-03
0.00101083    	3.070050e-03
0.00101092    	3.069738e-03
0.00101102    	3.069421e-03
0.00101111    	3.069099e-03
0.00101121    	3.068774e-03
0.00101131    	3.068448e-03
0.0010114     	3.068119e-03
0.0010115     	3.067789e-03
0.00101159    	3.067460e-03
0.00101169    	3.067133e-03
0.00101178    	3.066812e-03
0.00101188    	3.066493e-03
0.00101198    	3.066178e-03
0.00101207    	3.065868e-03
0.00101217    	3.065566e-03
0.00101226    	3.065275e-03
0.00101236    	3.064994e-03
0.00101245    	3.064724e-03
0.00101255    	3.064464e-03
0.00101265    	3.064217e-03
0.00101274    	3.063984e-03
0.00101284    	3.063766e-03
0.00101293    	3.063559e-03
0.00101303    	3.063363e-03
0.00101313    	3.063179e-03
0.00101322    	3.063009e-03
0.00101332    	3.062853e-03
0.00101341    	3.062713e-03
0.00101351    	3.062591e-03
0.00101361    	3.062486e-03
0.0010137     	3.062394e-03
0.0010138     	3.062319e-03
0.0010139     	3.062262e-03
0.00101399    	3.062224e-03
0.00101409    	3.062205e-03
0.00101419    	3.062204e-03
0.00101428    	3.062221e-03
0.00101438    	3.062257e-03
0.00101447    	3.062312e-03
0.00101457    	3.062390e-03
0.00101467    	3.062490e-03
0.00101476    	3.062613e-03
0.00101486    	3.062754e-03
0.00101495    	3.062913e-03
0.00101505    	3.063093e-03
0.00101514    	3.063299e-03
0.00101524    	3.063532e-03
0.00101534    	3.063788e-03
0.00101543    	3.064065e-03
0.00101553    	3.064360e-03
0.00101562    	3.064672e-03
0.00101572    	3.065002e-03
0.00101581    	3.065351e-03
0.00101591    	3.065717e-03
0.001016      	3.066099e-03
0.0010161     	3.066496e-03
0.0010162     	3.066913e-03
0.00101629    	3.067353e-03
0.00101639    	3.067812e-03
0.00101648    	3.068288e-03
0.00101658    	3.068778e-03
0.00101667    	3.069279e-03
0.00101677    	3.069789e-03
0.00101686    	3.070307e-03
0.00101696    	3.070829e-03
0.00101705    	3.071352e-03
0.00101715    	3.071875e-03
0.00101724    	3.072396e-03
0.00101734    	3.072916e-03
0.00101743    	3.073435e-03
0.00101753    	3.073953e-03
0.00101762    	3.074468e-03
0.00101771    	3.074976e-03
0.00101781    	3.075476e-03
0.0010179     	3.075967e-03
0.001018      	3.076447e-03
0.00101809    	3.076917e-03
0.00101819    	3.077376e-03
0.00101828    	3.077827e-03
0.00101838    	3.078275e-03
0.00101847    	3.078718e-03
0.00101857    	3.079153e-03
0.00101866    	3.079580e-03
0.00101875    	3.080000e-03
0.00101885    	3.080414e-03
0.00101894    	3.080820e-03
0.00101904    	3.081219e-03
0.00101913    	3.081608e-03
0.00101923    	3.081985e-03
0.00101932    	3.082352e-03
0.00101941    	3.082707e-03
0.00101951    	3.083051e-03
0.0010196     	3.083384e-03
0.0010197     	3.083706e-03
0.00101979    	3.084018e-03
0.00101988    	3.084318e-03
0.00101998    	3.084609e-03
0.00102007    	3.084887e-03
0.00102016    	3.085154e-03
0.00102026    	3.085411e-03
0.00102035    	3.085660e-03
0.00102045    	3.085902e-03
0.00102054    	3.086136e-03
0.00102063    	3.086361e-03
0.00102073    	3.086575e-03
0.00102082    	3.086775e-03
0.00102091    	3.086965e-03
0.00102101    	3.087144e-03
0.0010211     	3.087315e-03
0.0010212     	3.087479e-03
0.00102129    	3.087632e-03
0.00102138    	3.087777e-03
0.00102148    	3.087913e-03
0.00102157    	3.088040e-03
0.00102166    	3.088157e-03
0.00102176    	3.088262e-03
0.00102185    	3.088357e-03
0.00102194    	3.088441e-03
0.00102204    	3.088517e-03
0.00102213    	3.088585e-03
0.00102222    	3.088643e-03
0.00102232    	3.088694e-03
0.00102241    	3.088735e-03
0.0010225     	3.088769e-03
0.0010226     	3.088799e-03
0.00102269    	3.088826e-03
0.00102278    	3.088850e-03
0.00102288    	3.088870e-03
0.00102297    	3.088888e-03
0.00102306    	3.088902e-03
0.00102316    	3.088916e-03
0.00102325    	3.088930e-03
0.00102334    	3.088944e-03
0.00102344    	3.088961e-03
0.00102353    	3.088980e-03
0.00102362    	3.089000e-03
0.00102372    	3.089022e-03
0.00102381    	3.089047e-03
0.00102391    	3.089076e-03
0.001024      	3.089109e-03
0.00102409    	3.089145e-03
0.00102419    	3.089182e-03
0.00102428    	3.089218e-03
0.00102437    	3.089256e-03
0.00102447    	3.089295e-03
0.00102456    	3.089339e-03
0.00102465    	3.089387e-03
0.00102475    	3.089439e-03
0.00102484    	3.089495e-03
0.00102493    	3.089552e-03
0.00102503    	3.089610e-03
0.00102512    	3.089668e-03
0.00102521    	3.089727e-03
0.00102531    	3.089786e-03
0.0010254     	3.089842e-03
0.00102549    	3.089896e-03
0.00102559    	3.089948e-03
0.00102568    	3.089999e-03
0.00102578    	3.090048e-03
0.00102587    	3.090092e-03
0.00102596    	3.090132e-03
0.00102606    	3.090168e-03
0.00102615    	3.090200e-03
0.00102624    	3.090229e-03
0.00102634    	3.090253e-03
0.00102643    	3.090273e-03
0.00102653    	3.090286e-03
0.00102662    	3.090290e-03
0.00102671    	3.090289e-03
0.00102681    	3.090280e-03
0.0010269     	3.090266e-03
0.001027      	3.090247e-03
0.00102709    	3.090225e-03
0.00102718    	3.090202e-03
0.00102728    	3.090180e-03
0.00102737    	3.090158e-03
0.00102747    	3.090139e-03
0.00102756    	3.090123e-03
0.00102766    	3.090109e-03
0.00102775    	3.090099e-03
0.00102785    	3.090091e-03
0.00102794    	3.090087e-03
0.00102803    	3.090090e-03
0.00102813    	3.090102e-03
0.00102822    	3.090123e-03
0.00102832    	3.090154e-03
0.00102841    	3.090192e-03
0.00102851    	3.090235e-03
0.0010286     	3.090285e-03
0.00102869    	3.090343e-03
0.00102879    	3.090409e-03
0.00102888    	3.090480e-03
0.00102898    	3.090554e-03
0.00102907    	3.090633e-03
0.00102917    	3.090717e-03
0.00102926    	3.090805e-03
0.00102936    	3.090897e-03
0.00102945    	3.090994e-03
0.00102954    	3.091096e-03
0.00102964    	3.091203e-03
0.00102973    	3.091314e-03
0.00102983    	3.091426e-03
0.00102992    	3.091536e-03
0.00103002    	3.091644e-03
0.00103011    	3.091750e-03
0.00103021    	3.091855e-03
0.0010303     	3.091959e-03
0.00103039    	3.092063e-03
0.00103049    	3.092170e-03
0.00103058    	3.092276e-03
0.00103068    	3.092381e-03
0.00103077    	3.092484e-03
0.00103087    	3.092591e-03
0.00103096    	3.092704e-03
0.00103106    	3.092818e-03
0.00103115    	3.092934e-03
0.00103124    	3.093053e-03
0.00103134    	3.093172e-03
0.00103143    	3.093291e-03
0.00103153    	3.093411e-03
0.00103162    	3.093531e-03
0.00103172    	3.093647e-03
0.00103181    	3.093764e-03
0.00103191    	3.093882e-03
0.001032      	3.094003e-03
0.00103209    	3.094124e-03
0.00103219    	3.094247e-03
0.00103228    	3.094374e-03
0.00103238    	3.094508e-03
0.00103247    	3.094647e-03
0.00103257    	3.094788e-03
0.00103266    	3.094933e-03
0.00103276    	3.095081e-03
0.00103285    	3.095233e-03
0.00103295    	3.095389e-03
0.00103304    	3.095550e-03
0.00103314    	3.095718e-03
0.00103323    	3.095887e-03
0.00103333    	3.096064e-03
0.00103342    	3.096252e-03
0.00103352    	3.096452e-03
0.00103361    	3.096658e-03
0.00103371    	3.096868e-03
0.0010338     	3.097082e-03
0.0010339     	3.097300e-03
0.00103399    	3.097524e-03
0.00103409    	3.097751e-03
0.00103418    	3.097983e-03
0.00103428    	3.098218e-03
0.00103437    	3.098454e-03
0.00103447    	3.098694e-03
0.00103456    	3.098938e-03
0.00103466    	3.099186e-03
0.00103475    	3.099438e-03
0.00103485    	3.099692e-03
0.00103494    	3.099946e-03
0.00103504    	3.100201e-03
0.00103513    	3.100458e-03
0.00103523    	3.100716e-03
0.00103532    	3.100978e-03
0.00103542    	3.101245e-03
0.00103551    	3.101517e-03
0.00103561    	3.101792e-03
0.0010357     	3.102074e-03
0.0010358     	3.102363e-03
0.00103589    	3.102657e-03
0.00103599    	3.102952e-03
0.00103609    	3.103250e-03
0.00103618    	3.103554e-03
0.00103628    	3.103862e-03
0.00103637    	3.104180e-03
0.00103647    	3.104504e-03
0.00103656    	3.104829e-03
0.00103666    	3.105152e-03
0.00103675    	3.105476e-03
0.00103685    	3.105803e-03
0.00103695    	3.106129e-03
0.00103704    	3.106451e-03
0.00103714    	3.106765e-03
0.00103723    	3.107070e-03
0.00103733    	3.107369e-03
0.00103742    	3.107664e-03
0.00103752    	3.107954e-03
0.00103762    	3.108240e-03
0.00103771    	3.108522e-03
0.00103781    	3.108797e-03
0.0010379     	3.109066e-03
0.001038      	3.109331e-03
0.0010381     	3.109591e-03
0.00103819    	3.109843e-03
0.00103829    	3.110086e-03
0.00103839    	3.110318e-03
0.00103848    	3.110543e-03
0.00103858    	3.110762e-03
0.00103867    	3.110972e-03
0.00103877    	3.111170e-03
0.00103887    	3.111360e-03
0.00103896    	3.111537e-03
0.00103906    	3.111702e-03
0.00103915    	3.111853e-03
0.00103925    	3.111994e-03
0.00103935    	3.112125e-03
0.00103944    	3.112241e-03
0.00103954    	3.112341e-03
0.00103964    	3.112422e-03
0.00103973    	3.112484e-03
0.00103983    	3.112530e-03
0.00103992    	3.112561e-03
0.00104002    	3.112574e-03
0.00104012    	3.112567e-03
0.00104021    	3.112543e-03
0.00104031    	3.112500e-03
0.00104041    	3.112438e-03
0.0010405     	3.112355e-03
0.0010406     	3.112252e-03
0.00104069    	3.112129e-03
0.00104079    	3.111987e-03
0.00104089    	3.111828e-03
0.00104098    	3.111650e-03
0.00104108    	3.111453e-03
0.00104118    	3.111239e-03
0.00104127    	3.111006e-03
0.00104137    	3.110756e-03
0.00104147    	3.110488e-03
0.00104156    	3.110208e-03
0.00104166    	3.109915e-03
0.00104175    	3.109609e-03
0.00104185    	3.109288e-03
0.00104195    	3.108953e-03
0.00104204    	3.108604e-03
0.00104214    	3.108242e-03
0.00104224    	3.107868e-03
0.00104233    	3.107481e-03
0.00104243    	3.107083e-03
0.00104253    	3.106674e-03
0.00104262    	3.106254e-03
0.00104272    	3.105824e-03
0.00104282    	3.105382e-03
0.00104291    	3.104930e-03
0.00104301    	3.104468e-03
0.0010431     	3.103997e-03
0.0010432     	3.103518e-03
0.0010433     	3.103030e-03
0.00104339    	3.102533e-03
0.00104349    	3.102028e-03
0.00104359    	3.101519e-03
0.00104368    	3.101005e-03
0.00104378    	3.100485e-03
0.00104388    	3.099958e-03
0.00104397    	3.099424e-03
0.00104407    	3.098884e-03
0.00104417    	3.098336e-03
0.00104426    	3.097783e-03
0.00104436    	3.097223e-03
0.00104446    	3.096654e-03
0.00104455    	3.096079e-03
0.00104465    	3.095498e-03
0.00104475    	3.094911e-03
0.00104484    	3.094322e-03
0.00104494    	3.093730e-03
0.00104504    	3.093137e-03
0.00104513    	3.092543e-03
0.00104523    	3.091946e-03
0.00104533    	3.091347e-03
0.00104542    	3.090745e-03
0.00104552    	3.090143e-03
0.00104562    	3.089541e-03
0.00104571    	3.088941e-03
0.00104581    	3.088342e-03
0.00104591    	3.087742e-03
0.001046      	3.087141e-03
0.0010461     	3.086541e-03
0.0010462     	3.085941e-03
0.00104629    	3.085342e-03
0.00104639    	3.084744e-03
0.00104649    	3.084147e-03
0.00104658    	3.083551e-03
0.00104668    	3.082957e-03
0.00104678    	3.082365e-03
0.00104687    	3.081775e-03
0.00104697    	3.081189e-03
0.00104707    	3.080605e-03
0.00104716    	3.080026e-03
0.00104726    	3.079453e-03
0.00104736    	3.078885e-03
0.00104745    	3.078323e-03
0.00104755    	3.077770e-03
0.00104765    	3.077226e-03
0.00104774    	3.076693e-03
0.00104784    	3.076168e-03
0.00104794    	3.075651e-03
0.00104803    	3.075141e-03
0.00104813    	3.074639e-03
0.00104823    	3.074142e-03
0.00104832    	3.073652e-03
0.00104842    	3.073168e-03
0.00104852    	3.072690e-03
0.00104861    	3.072220e-03
0.00104871    	3.071756e-03
0.00104881    	3.071300e-03
0.0010489     	3.070853e-03
0.001049      	3.070414e-03
0.0010491     	3.069987e-03
0.00104919    	3.069571e-03
0.00104929    	3.069166e-03
0.00104939    	3.068772e-03
0.00104948    	3.068390e-03
0.00104958    	3.068021e-03
0.00104968    	3.067664e-03
0.00104977    	3.067317e-03
0.00104987    	3.066980e-03
0.00104996    	3.066653e-03
0.00105006    	3.066334e-03
0.00105016    	3.066022e-03
0.00105025    	3.065714e-03
0.00105035    	3.065412e-03
0.00105045    	3.065118e-03
0.00105054    	3.064831e-03
0.00105064    	3.064552e-03
0.00105073    	3.064280e-03
0.00105083    	3.064016e-03
0.00105093    	3.063761e-03
0.00105102    	3.063513e-03
0.00105112    	3.063273e-03
0.00105122    	3.063043e-03
0.00105131    	3.062824e-03
0.00105141    	3.062616e-03
0.0010515     	3.062416e-03
0.0010516     	3.062223e-03
0.0010517     	3.062037e-03
0.00105179    	3.061860e-03
0.00105189    	3.061691e-03
0.00105198    	3.061533e-03
0.00105208    	3.061389e-03
0.00105218    	3.061255e-03
0.00105227    	3.061133e-03
0.00105237    	3.061022e-03
0.00105246    	3.060926e-03
0.00105256    	3.060843e-03
0.00105266    	3.060769e-03
0.00105275    	3.060706e-03
0.00105285    	3.060657e-03
0.00105295    	3.060622e-03
0.00105304    	3.060601e-03
0.00105314    	3.060597e-03
0.00105323    	3.060612e-03
0.00105333    	3.060642e-03
0.00105343    	3.060687e-03
0.00105352    	3.060745e-03
0.00105362    	3.060818e-03
0.00105371    	3.060903e-03
0.00105381    	3.061003e-03
0.00105391    	3.061119e-03
0.001054      	3.061250e-03
0.0010541     	3.061400e-03
0.0010542     	3.061567e-03
0.00105429    	3.061754e-03
0.00105439    	3.061963e-03
0.00105448    	3.062190e-03
0.00105458    	3.062439e-03
0.00105468    	3.062710e-03
0.00105477    	3.063008e-03
0.00105487    	3.063334e-03
0.00105497    	3.063684e-03
0.00105506    	3.064059e-03
0.00105516    	3.064466e-03
0.00105525    	3.064909e-03
0.00105535    	3.065386e-03
0.00105545    	3.065891e-03
0.00105554    	3.066423e-03
0.00105564    	3.066982e-03
0.00105574    	3.067568e-03
0.00105583    	3.068180e-03
0.00105593    	3.068823e-03
0.00105602    	3.069492e-03
0.00105612    	3.070189e-03
0.00105622    	3.070914e-03
0.00105631    	3.071667e-03
0.00105641    	3.072451e-03
0.00105651    	3.073264e-03
0.0010566     	3.074103e-03
0.0010567     	3.074965e-03
0.00105679    	3.075849e-03
0.00105689    	3.076751e-03
0.00105699    	3.077670e-03
0.00105708    	3.078612e-03
0.00105718    	3.079574e-03
0.00105727    	3.080555e-03
0.00105737    	3.081555e-03
0.00105747    	3.082569e-03
0.00105756    	3.083598e-03
0.00105766    	3.084640e-03
0.00105775    	3.085697e-03
0.00105785    	3.086769e-03
0.00105795    	3.087853e-03
0.00105804    	3.088948e-03
0.00105814    	3.090049e-03
0.00105823    	3.091162e-03
0.00105833    	3.092284e-03
0.00105843    	3.093413e-03
0.00105852    	3.094542e-03
0.00105862    	3.095668e-03
0.00105871    	3.096782e-03
0.00105881    	3.097879e-03
0.00105891    	3.098959e-03
0.001059      	3.100033e-03
0.0010591     	3.101095e-03
0.00105919    	3.102142e-03
0.00105929    	3.103169e-03
0.00105938    	3.104168e-03
0.00105948    	3.105134e-03
0.00105958    	3.106066e-03
0.00105967    	3.106964e-03
0.00105977    	3.107830e-03
0.00105986    	3.108666e-03
0.00105996    	3.109471e-03
0.00106005    	3.110242e-03
0.00106015    	3.110976e-03
0.00106024    	3.111679e-03
0.00106034    	3.112349e-03
0.00106044    	3.112985e-03
0.00106053    	3.113589e-03
0.00106063    	3.114163e-03
0.00106072    	3.114710e-03
0.00106082    	3.115228e-03
0.00106091    	3.115715e-03
0.00106101    	3.116171e-03
0.0010611     	3.116598e-03
0.0010612     	3.116999e-03
0.0010613     	3.117377e-03
0.00106139    	3.117730e-03
0.00106149    	3.118057e-03
0.00106158    	3.118357e-03
0.00106168    	3.118633e-03
0.00106177    	3.118886e-03
0.00106187    	3.119114e-03
0.00106196    	3.119320e-03
0.00106206    	3.119508e-03
0.00106215    	3.119676e-03
0.00106225    	3.119824e-03
0.00106234    	3.119953e-03
0.00106244    	3.120064e-03
0.00106254    	3.120154e-03
0.00106263    	3.120232e-03
0.00106273    	3.120297e-03
0.00106282    	3.120349e-03
0.00106292    	3.120388e-03
0.00106301    	3.120413e-03
0.00106311    	3.120421e-03
0.0010632     	3.120412e-03
0.0010633     	3.120388e-03
0.00106339    	3.120352e-03
0.00106349    	3.120307e-03
0.00106358    	3.120253e-03
0.00106368    	3.120189e-03
0.00106377    	3.120118e-03
0.00106387    	3.120042e-03
0.00106396    	3.119959e-03
0.00106406    	3.119868e-03
0.00106415    	3.119773e-03
0.00106425    	3.119673e-03
0.00106434    	3.119566e-03
0.00106444    	3.119455e-03
0.00106453    	3.119342e-03
0.00106463    	3.119225e-03
0.00106472    	3.119110e-03
0.00106482    	3.118994e-03
0.00106491    	3.118878e-03
0.00106501    	3.118757e-03
0.0010651     	3.118639e-03
0.0010652     	3.118522e-03
0.00106529    	3.118403e-03
0.00106539    	3.118280e-03
0.00106548    	3.118152e-03
0.00106558    	3.118023e-03
0.00106567    	3.117892e-03
0.00106577    	3.117756e-03
0.00106586    	3.117613e-03
0.00106596    	3.117462e-03
0.00106605    	3.117303e-03
0.00106615    	3.117138e-03
0.00106624    	3.116970e-03
0.00106634    	3.116801e-03
0.00106643    	3.116634e-03
0.00106653    	3.116467e-03
0.00106662    	3.116299e-03
0.00106672    	3.116125e-03
0.00106681    	3.115947e-03
0.00106691    	3.115763e-03
0.001067      	3.115570e-03
0.0010671     	3.115369e-03
0.00106719    	3.115163e-03
0.00106729    	3.114952e-03
0.00106738    	3.114735e-03
0.00106748    	3.114513e-03
0.00106757    	3.114287e-03
0.00106766    	3.114058e-03
0.00106776    	3.113824e-03
0.00106785    	3.113589e-03
0.00106795    	3.113351e-03
0.00106804    	3.113109e-03
0.00106814    	3.112862e-03
0.00106823    	3.112612e-03
0.00106833    	3.112363e-03
0.00106842    	3.112112e-03
0.00106852    	3.111860e-03
0.00106861    	3.111608e-03
0.0010687     	3.111360e-03
0.0010688     	3.111115e-03
0.00106889    	3.110870e-03
0.00106899    	3.110621e-03
0.00106908    	3.110364e-03
0.00106918    	3.110099e-03
0.00106927    	3.109831e-03
0.00106937    	3.109557e-03
0.00106946    	3.109278e-03
0.00106955    	3.108994e-03
0.00106965    	3.108704e-03
0.00106974    	3.108405e-03
0.00106984    	3.108102e-03
0.00106993    	3.107800e-03
0.00107003    	3.107502e-03
0.00107012    	3.107206e-03
0.00107022    	3.106908e-03
0.00107031    	3.106609e-03
0.0010704     	3.106308e-03
0.0010705     	3.106006e-03
0.00107059    	3.105702e-03
0.00107069    	3.105393e-03
0.00107078    	3.105086e-03
0.00107088    	3.104782e-03
0.00107097    	3.104479e-03
0.00107106    	3.104176e-03
0.00107116    	3.103866e-03
0.00107125    	3.103556e-03
0.00107135    	3.103248e-03
0.00107144    	3.102943e-03
0.00107153    	3.102641e-03
0.00107163    	3.102337e-03
0.00107172    	3.102029e-03
0.00107182    	3.101713e-03
0.00107191    	3.101389e-03
0.00107201    	3.101060e-03
0.0010721     	3.100726e-03
0.00107219    	3.100387e-03
0.00107229    	3.100039e-03
0.00107238    	3.099685e-03
0.00107248    	3.099326e-03
0.00107257    	3.098961e-03
0.00107267    	3.098592e-03
0.00107276    	3.098223e-03
0.00107285    	3.097852e-03
0.00107295    	3.097478e-03
0.00107304    	3.097100e-03
0.00107314    	3.096723e-03
0.00107323    	3.096347e-03
0.00107333    	3.095975e-03
0.00107342    	3.095603e-03
0.00107351    	3.095232e-03
0.00107361    	3.094859e-03
0.0010737     	3.094484e-03
0.0010738     	3.094105e-03
0.00107389    	3.093721e-03
0.00107399    	3.093336e-03
0.00107408    	3.092958e-03
0.00107417    	3.092587e-03
0.00107427    	3.092219e-03
0.00107436    	3.091852e-03
0.00107446    	3.091485e-03
0.00107455    	3.091116e-03
0.00107465    	3.090744e-03
0.00107474    	3.090373e-03
0.00107483    	3.090003e-03
0.00107493    	3.089636e-03
0.00107502    	3.089272e-03
0.00107512    	3.088907e-03
0.00107521    	3.088537e-03
0.00107531    	3.088159e-03
0.0010754     	3.087775e-03
0.00107549    	3.087390e-03
0.00107559    	3.087003e-03
0.00107568    	3.086612e-03
0.00107578    	3.086215e-03
0.00107587    	3.085818e-03
0.00107596    	3.085419e-03
0.00107606    	3.085020e-03
0.00107615    	3.084619e-03
0.00107625    	3.084215e-03
0.00107634    	3.083810e-03
0.00107644    	3.083407e-03
0.00107653    	3.083009e-03
0.00107662    	3.082613e-03
0.00107672    	3.082221e-03
0.00107681    	3.081833e-03
0.00107691    	3.081447e-03
0.001077      	3.081065e-03
0.00107709    	3.080689e-03
0.00107719    	3.080319e-03
0.00107728    	3.079955e-03
0.00107738    	3.079599e-03
0.00107747    	3.079247e-03
0.00107757    	3.078902e-03
0.00107766    	3.078565e-03
0.00107775    	3.078238e-03
0.00107785    	3.077922e-03
0.00107794    	3.077613e-03
0.00107804    	3.077312e-03
0.00107813    	3.077021e-03
0.00107822    	3.076744e-03
0.00107832    	3.076482e-03
0.00107841    	3.076235e-03
0.00107851    	3.076002e-03
0.0010786     	3.075782e-03
0.0010787     	3.075572e-03
0.00107879    	3.075373e-03
0.00107888    	3.075184e-03
0.00107898    	3.075004e-03
0.00107907    	3.074836e-03
0.00107917    	3.074679e-03
0.00107926    	3.074536e-03
0.00107935    	3.074408e-03
0.00107945    	3.074295e-03
0.00107954    	3.074197e-03
0.00107964    	3.074114e-03
0.00107973    	3.074043e-03
0.00107982    	3.073983e-03
0.00107992    	3.073938e-03
0.00108001    	3.073906e-03
0.00108011    	3.073891e-03
0.0010802     	3.073893e-03
0.0010803     	3.073917e-03
0.00108039    	3.073961e-03
0.00108048    	3.074024e-03
0.00108058    	3.074105e-03
0.00108067    	3.074200e-03
0.00108077    	3.074311e-03
0.00108086    	3.074437e-03
0.00108095    	3.074577e-03
0.00108105    	3.074729e-03
0.00108114    	3.074897e-03
0.00108124    	3.075082e-03
0.00108133    	3.075284e-03
0.00108143    	3.075504e-03
0.00108152    	3.075739e-03
0.00108161    	3.075987e-03
0.00108171    	3.076246e-03
0.0010818     	3.076520e-03
0.0010819     	3.076811e-03
0.00108199    	3.077120e-03
0.00108209    	3.077450e-03
0.00108218    	3.077800e-03
0.00108227    	3.078166e-03
0.00108237    	3.078543e-03
0.00108246    	3.078928e-03
0.00108256    	3.079319e-03
0.00108265    	3.079716e-03
0.00108274    	3.080124e-03
0.00108284    	3.080544e-03
0.00108293    	3.080973e-03
0.00108303    	3.081413e-03
0.00108312    	3.081859e-03
0.00108322    	3.082314e-03
0.00108331    	3.082778e-03
0.0010834     	3.083250e-03
0.0010835     	3.083729e-03
0.00108359    	3.084209e-03
0.00108369    	3.084687e-03
0.00108378    	3.085165e-03
0.00108388    	3.085649e-03
0.00108397    	3.086137e-03
0.00108406    	3.086628e-03
0.00108416    	3.087126e-03
0.00108425    	3.087629e-03
0.00108435    	3.088141e-03
0.00108444    	3.088661e-03
0.00108454    	3.089188e-03
0.00108463    	3.089716e-03
0.00108472    	3.090242e-03
0.00108482    	3.090762e-03
0.00108491    	3.091276e-03
0.00108501    	3.091786e-03
0.0010851     	3.092291e-03
0.0010852     	3.092790e-03
0.00108529    	3.093285e-03
0.00108538    	3.093774e-03
0.00108548    	3.094255e-03
0.00108557    	3.094729e-03
0.00108567    	3.095195e-03
0.00108576    	3.095662e-03
0.00108586    	3.096130e-03
0.00108595    	3.096599e-03
0.00108604    	3.097072e-03
0.00108614    	3.097541e-03
0.00108623    	3.098011e-03
0.00108633    	3.098481e-03
0.00108642    	3.098944e-03
0.00108652    	3.099398e-03
0.00108661    	3.099842e-03
0.00108671    	3.100273e-03
0.0010868     	3.100693e-03
0.00108689    	3.101102e-03
0.00108699    	3.101497e-03
0.00108708    	3.101883e-03
0.00108718    	3.102264e-03
0.00108727    	3.102639e-03
0.00108737    	3.103009e-03
0.00108746    	3.103371e-03
0.00108755    	3.103722e-03
0.00108765    	3.104063e-03
0.00108774    	3.104395e-03
0.00108784    	3.104718e-03
0.00108793    	3.105035e-03
0.00108803    	3.105351e-03
0.00108812    	3.105667e-03
0.00108822    	3.105985e-03
0.00108831    	3.106305e-03
0.00108841    	3.106625e-03
0.0010885     	3.106946e-03
0.00108859    	3.107268e-03
0.00108869    	3.107593e-03
0.00108878    	3.107920e-03
0.00108888    	3.108250e-03
0.00108897    	3.108584e-03
0.00108907    	3.108923e-03
0.00108916    	3.109266e-03
0.00108926    	3.109609e-03
0.00108935    	3.109952e-03
0.00108944    	3.110293e-03
0.00108954    	3.110633e-03
0.00108963    	3.110978e-03
0.00108973    	3.111327e-03
0.00108982    	3.111685e-03
0.00108992    	3.112054e-03
0.00109001    	3.112431e-03
0.00109011    	3.112807e-03
0.0010902     	3.113184e-03
0.00109029    	3.113558e-03
0.00109039    	3.113930e-03
0.00109048    	3.114299e-03
0.00109058    	3.114661e-03
0.00109067    	3.115017e-03
0.00109077    	3.115373e-03
0.00109086    	3.115729e-03
0.00109096    	3.116081e-03
0.00109105    	3.116432e-03
0.00109114    	3.116777e-03
0.00109124    	3.117118e-03
0.00109133    	3.117455e-03
0.00109143    	3.117788e-03
0.00109152    	3.118117e-03
0.00109162    	3.118443e-03
0.00109171    	3.118761e-03
0.00109181    	3.119066e-03
0.0010919     	3.119357e-03
0.00109199    	3.119640e-03
0.00109209    	3.119912e-03
0.00109218    	3.120173e-03
0.00109228    	3.120420e-03
0.00109237    	3.120654e-03
0.00109247    	3.120872e-03
0.00109256    	3.121076e-03
0.00109266    	3.121265e-03
0.00109275    	3.121439e-03
0.00109284    	3.121592e-03
0.00109294    	3.121726e-03
0.00109303    	3.121845e-03
0.00109313    	3.121948e-03
0.00109322    	3.122032e-03
0.00109332    	3.122099e-03
0.00109341    	3.122146e-03
0.00109351    	3.122172e-03
0.0010936     	3.122178e-03
0.00109369    	3.122163e-03
0.00109379    	3.122125e-03
0.00109388    	3.122064e-03
0.00109398    	3.121983e-03
0.00109407    	3.121882e-03
0.00109417    	3.121760e-03
0.00109426    	3.121616e-03
0.00109436    	3.121450e-03
0.00109445    	3.121263e-03
0.00109455    	3.121055e-03
0.00109464    	3.120827e-03
0.00109473    	3.120581e-03
0.00109483    	3.120317e-03
0.00109492    	3.120036e-03
0.00109502    	3.119739e-03
0.00109511    	3.119425e-03
0.00109521    	3.119096e-03
0.0010953     	3.118753e-03
0.0010954     	3.118397e-03
0.00109549    	3.118025e-03
0.00109558    	3.117638e-03
0.00109568    	3.117238e-03
0.00109577    	3.116827e-03
0.00109587    	3.116405e-03
0.00109596    	3.115973e-03
0.00109606    	3.115530e-03
0.00109615    	3.115081e-03
0.00109625    	3.114628e-03
0.00109634    	3.114170e-03
0.00109644    	3.113706e-03
0.00109653    	3.113238e-03
0.00109663    	3.112765e-03
0.00109672    	3.112287e-03
0.00109681    	3.111803e-03
0.00109691    	3.111316e-03
0.001097      	3.110824e-03
0.0010971     	3.110329e-03
0.00109719    	3.109831e-03
0.00109729    	3.109333e-03
0.00109738    	3.108834e-03
0.00109748    	3.108336e-03
0.00109757    	3.107837e-03
0.00109767    	3.107336e-03
0.00109776    	3.106830e-03
0.00109786    	3.106321e-03
0.00109795    	3.105811e-03
0.00109804    	3.105302e-03
0.00109814    	3.104795e-03
0.00109823    	3.104290e-03
0.00109833    	3.103788e-03
0.00109842    	3.103287e-03
0.00109852    	3.102789e-03
0.00109861    	3.102292e-03
0.00109871    	3.101798e-03
0.0010988     	3.101305e-03
0.0010989     	3.100815e-03
0.00109899    	3.100330e-03
0.00109909    	3.099849e-03
0.00109918    	3.099374e-03
0.00109928    	3.098904e-03
0.00109937    	3.098439e-03
0.00109946    	3.097980e-03
0.00109956    	3.097529e-03
0.00109965    	3.097087e-03
0.00109975    	3.096654e-03
0.00109984    	3.096233e-03
0.00109994    	3.095821e-03
0.00110003    	3.095418e-03
0.00110013    	3.095022e-03
0.00110022    	3.094633e-03
0.00110032    	3.094253e-03
0.00110041    	3.093883e-03
0.0011005     	3.093522e-03
0.0011006     	3.093169e-03
0.00110069    	3.092823e-03
0.00110079    	3.092484e-03
0.00110088    	3.092155e-03
0.00110098    	3.091836e-03
0.00110107    	3.091526e-03
0.00110116    	3.091223e-03
0.00110126    	3.090929e-03
0.00110135    	3.090644e-03
0.00110145    	3.090368e-03
0.00110154    	3.090101e-03
0.00110164    	3.089843e-03
0.00110173    	3.089593e-03
0.00110182    	3.089353e-03
0.00110192    	3.089122e-03
0.00110201    	3.088900e-03
0.00110211    	3.088686e-03
0.0011022     	3.088481e-03
0.0011023     	3.088287e-03
0.00110239    	3.088103e-03
0.00110248    	3.087927e-03
0.00110258    	3.087759e-03
0.00110267    	3.087596e-03
0.00110277    	3.087438e-03
0.00110286    	3.087286e-03
0.00110295    	3.087139e-03
0.00110305    	3.086997e-03
0.00110314    	3.086863e-03
0.00110324    	3.086739e-03
0.00110333    	3.086625e-03
0.00110342    	3.086519e-03
0.00110352    	3.086419e-03
0.00110361    	3.086324e-03
0.00110371    	3.086232e-03
0.0011038     	3.086144e-03
0.00110389    	3.086065e-03
0.00110399    	3.085991e-03
0.00110408    	3.085922e-03
0.00110417    	3.085858e-03
0.00110427    	3.085799e-03
0.00110436    	3.085745e-03
0.00110446    	3.085698e-03
0.00110455    	3.085656e-03
0.00110464    	3.085618e-03
0.00110474    	3.085581e-03
0.00110483    	3.085545e-03
0.00110492    	3.085509e-03
0.00110502    	3.085475e-03
0.00110511    	3.085441e-03
0.0011052     	3.085411e-03
0.0011053     	3.085385e-03
0.00110539    	3.085360e-03
0.00110548    	3.085339e-03
0.00110558    	3.085321e-03
0.00110567    	3.085305e-03
0.00110576    	3.085290e-03
0.00110586    	3.085275e-03
0.00110595    	3.085262e-03
0.00110604    	3.085249e-03
0.00110614    	3.085234e-03
0.00110623    	3.085217e-03
0.00110632    	3.085198e-03
0.00110642    	3.085176e-03
0.00110651    	3.085151e-03
0.0011066     	3.085121e-03
0.0011067     	3.085087e-03
0.00110679    	3.085050e-03
0.00110688    	3.085009e-03
0.00110698    	3.084964e-03
0.00110707    	3.084915e-03
0.00110716    	3.084860e-03
0.00110726    	3.084800e-03
0.00110735    	3.084736e-03
0.00110744    	3.084665e-03
0.00110753    	3.084588e-03
0.00110763    	3.084504e-03
0.00110772    	3.084414e-03
0.00110781    	3.084316e-03
0.00110791    	3.084211e-03
0.001108      	3.084099e-03
0.00110809    	3.083980e-03
0.00110818    	3.083852e-03
0.00110828    	3.083716e-03
0.00110837    	3.083573e-03
0.00110846    	3.083423e-03
0.00110856    	3.083266e-03
0.00110865    	3.083101e-03
0.00110874    	3.082930e-03
0.00110883    	3.082756e-03
0.00110893    	3.082577e-03
0.00110902    	3.082393e-03
0.00110911    	3.082205e-03
0.0011092     	3.082014e-03
0.0011093     	3.081820e-03
0.00110939    	3.081621e-03
0.00110948    	3.081418e-03
0.00110957    	3.081211e-03
0.00110967    	3.081002e-03
0.00110976    	3.080790e-03
0.00110985    	3.080577e-03
0.00110994    	3.080362e-03
0.00111004    	3.080144e-03
0.00111013    	3.079924e-03
0.00111022    	3.079701e-03
0.00111031    	3.079476e-03
0.00111041    	3.079251e-03
0.0011105     	3.079025e-03
0.00111059    	3.078800e-03
0.00111068    	3.078574e-03
0.00111077    	3.078348e-03
0.00111087    	3.078122e-03
0.00111096    	3.077896e-03
0.00111105    	3.077668e-03
0.00111114    	3.077440e-03
0.00111123    	3.077211e-03
0.00111133    	3.076983e-03
0.00111142    	3.076754e-03
0.00111151    	3.076524e-03
0.0011116     	3.076294e-03
0.00111169    	3.076064e-03
0.00111179    	3.075834e-03
0.00111188    	3.075605e-03
0.00111197    	3.075377e-03
0.00111206    	3.075151e-03
0.00111215    	3.074928e-03
0.00111225    	3.074707e-03
0.00111234    	3.074487e-03
0.00111243    	3.074268e-03
0.00111252    	3.074049e-03
0.00111261    	3.073828e-03
0.00111271    	3.073608e-03
0.0011128     	3.073388e-03
0.00111289    	3.073171e-03
0.00111298    	3.072957e-03
0.00111307    	3.072743e-03
0.00111316    	3.072531e-03
0.00111326    	3.072321e-03
0.00111335    	3.072114e-03
0.00111344    	3.071910e-03
0.00111353    	3.071710e-03
0.00111362    	3.071514e-03
0.00111372    	3.071321e-03
0.00111381    	3.071131e-03
0.0011139     	3.070942e-03
0.00111399    	3.070756e-03
0.00111408    	3.070572e-03
0.00111417    	3.070391e-03
0.00111427    	3.070214e-03
0.00111436    	3.070046e-03
0.00111445    	3.069886e-03
0.00111454    	3.069733e-03
0.00111463    	3.069588e-03
0.00111472    	3.069449e-03
0.00111481    	3.069320e-03
0.00111491    	3.069199e-03
0.001115      	3.069086e-03
0.00111509    	3.068980e-03
0.00111518    	3.068885e-03
0.00111527    	3.068801e-03
0.00111536    	3.068729e-03
0.00111545    	3.068668e-03
0.00111555    	3.068616e-03
0.00111564    	3.068575e-03
0.00111573    	3.068544e-03
0.00111582    	3.068523e-03
0.00111591    	3.068514e-03
0.001116      	3.068514e-03
0.00111609    	3.068523e-03
0.00111618    	3.068539e-03
0.00111627    	3.068563e-03
0.00111637    	3.068596e-03
0.00111646    	3.068638e-03
0.00111655    	3.068688e-03
0.00111664    	3.068749e-03
0.00111673    	3.068821e-03
0.00111682    	3.068903e-03
0.00111691    	3.068994e-03
0.001117      	3.069092e-03
0.00111709    	3.069197e-03
0.00111718    	3.069311e-03
0.00111728    	3.069432e-03
0.00111737    	3.069559e-03
0.00111746    	3.069694e-03
0.00111755    	3.069834e-03
0.00111764    	3.069980e-03
0.00111773    	3.070131e-03
0.00111782    	3.070289e-03
0.00111791    	3.070450e-03
0.001118      	3.070619e-03
0.00111809    	3.070799e-03
0.00111818    	3.070989e-03
0.00111827    	3.071187e-03
0.00111836    	3.071391e-03
0.00111845    	3.071599e-03
0.00111855    	3.071812e-03
0.00111864    	3.072032e-03
0.00111873    	3.072262e-03
0.00111882    	3.072501e-03
0.00111891    	3.072746e-03
0.001119      	3.072997e-03
0.00111909    	3.073250e-03
0.00111918    	3.073505e-03
0.00111927    	3.073763e-03
0.00111936    	3.074025e-03
0.00111945    	3.074287e-03
0.00111954    	3.074548e-03
0.00111963    	3.074806e-03
0.00111972    	3.075063e-03
0.00111981    	3.075319e-03
0.0011199     	3.075572e-03
0.00111999    	3.075822e-03
0.00112008    	3.076069e-03
0.00112017    	3.076313e-03
0.00112026    	3.076555e-03
0.00112035    	3.076795e-03
0.00112044    	3.077031e-03
0.00112053    	3.077264e-03
0.00112062    	3.077492e-03
0.00112072    	3.077715e-03
0.00112081    	3.077934e-03
0.0011209     	3.078150e-03
0.00112099    	3.078364e-03
0.00112108    	3.078575e-03
0.00112117    	3.078783e-03
0.00112126    	3.078989e-03
0.00112135    	3.079194e-03
0.00112144    	3.079397e-03
0.00112153    	3.079597e-03
0.00112162    	3.079796e-03
0.00112171    	3.079993e-03
0.0011218     	3.080193e-03
0.00112189    	3.080394e-03
0.00112198    	3.080597e-03
0.00112207    	3.080801e-03
0.00112216    	3.081006e-03
0.00112225    	3.081211e-03
0.00112234    	3.081415e-03
0.00112243    	3.081621e-03
0.00112252    	3.081830e-03
0.00112261    	3.082044e-03
0.0011227     	3.082264e-03
0.00112279    	3.082490e-03
0.00112288    	3.082720e-03
0.00112297    	3.082954e-03
0.00112306    	3.083195e-03
0.00112315    	3.083441e-03
0.00112324    	3.083691e-03
0.00112333    	3.083945e-03
0.00112342    	3.084203e-03
0.00112351    	3.084466e-03
0.0011236     	3.084735e-03
0.00112369    	3.085008e-03
0.00112378    	3.085285e-03
0.00112387    	3.085566e-03
0.00112396    	3.085850e-03
0.00112405    	3.086139e-03
0.00112414    	3.086431e-03
0.00112423    	3.086726e-03
0.00112432    	3.087025e-03
0.00112441    	3.087327e-03
0.0011245     	3.087632e-03
0.00112459    	3.087939e-03
0.00112468    	3.088249e-03
0.00112477    	3.088561e-03
0.00112486    	3.088870e-03
0.00112495    	3.089177e-03
0.00112504    	3.089479e-03
0.00112513    	3.089778e-03
0.00112522    	3.090070e-03
0.00112531    	3.090357e-03
0.0011254     	3.090638e-03
0.00112549    	3.090916e-03
0.00112558    	3.091192e-03
0.00112567    	3.091463e-03
0.00112576    	3.091729e-03
0.00112585    	3.091988e-03
0.00112594    	3.092239e-03
0.00112603    	3.092483e-03
0.00112612    	3.092719e-03
0.00112621    	3.092947e-03
0.0011263     	3.093167e-03
0.00112639    	3.093378e-03
0.00112648    	3.093578e-03
0.00112657    	3.093766e-03
0.00112666    	3.093944e-03
0.00112675    	3.094111e-03
0.00112684    	3.094270e-03
0.00112693    	3.094419e-03
0.00112702    	3.094560e-03
0.00112711    	3.094690e-03
0.0011272     	3.094809e-03
0.00112729    	3.094919e-03
0.00112738    	3.095018e-03
0.00112747    	3.095106e-03
0.00112756    	3.095184e-03
0.00112765    	3.095251e-03
0.00112774    	3.095307e-03
0.00112783    	3.095352e-03
0.00112792    	3.095386e-03
0.00112801    	3.095410e-03
0.0011281     	3.095424e-03
0.00112819    	3.095429e-03
0.00112828    	3.095427e-03
0.00112837    	3.095416e-03
0.00112846    	3.095397e-03
0.00112855    	3.095369e-03
0.00112864    	3.095331e-03
0.00112873    	3.095284e-03
0.00112882    	3.095230e-03
0.00112891    	3.095170e-03
0.001129      	3.095107e-03
0.00112909    	3.095038e-03
0.00112918    	3.094964e-03
0.00112927    	3.094886e-03
0.00112936    	3.094804e-03
0.00112945    	3.094718e-03
0.00112954    	3.094627e-03
0.00112963    	3.094533e-03
0.00112972    	3.094434e-03
0.00112981    	3.094330e-03
0.0011299     	3.094224e-03
0.00112999    	3.094114e-03
0.00113008    	3.094002e-03
0.00113017    	3.093886e-03
0.00113026    	3.093767e-03
0.00113035    	3.093643e-03
0.00113044    	3.093516e-03
0.00113053    	3.093384e-03
0.00113062    	3.093247e-03
0.00113071    	3.093104e-03
0.0011308     	3.092954e-03
0.00113089    	3.092798e-03
0.00113098    	3.092635e-03
0.00113107    	3.092468e-03
0.00113116    	3.092296e-03
0.00113125    	3.092117e-03
0.00113134    	3.091932e-03
0.00113143    	3.091743e-03
0.00113152    	3.091553e-03
0.00113161    	3.091363e-03
0.0011317     	3.091175e-03
0.00113179    	3.090986e-03
0.00113188    	3.090796e-03
0.00113197    	3.090604e-03
0.00113206    	3.090413e-03
0.00113215    	3.090224e-03
0.00113224    	3.090039e-03
0.00113233    	3.089854e-03
0.00113242    	3.089668e-03
0.00113251    	3.089484e-03
0.0011326     	3.089302e-03
0.00113269    	3.089122e-03
0.00113278    	3.088947e-03
0.00113287    	3.088779e-03
0.00113296    	3.088614e-03
0.00113305    	3.088449e-03
0.00113314    	3.088286e-03
0.00113323    	3.088129e-03
0.00113332    	3.087979e-03
0.00113341    	3.087833e-03
0.0011335     	3.087689e-03
0.00113359    	3.087543e-03
0.00113368    	3.087397e-03
0.00113377    	3.087252e-03
0.00113386    	3.087109e-03
0.00113395    	3.086963e-03
0.00113404    	3.086813e-03
0.00113413    	3.086661e-03
0.00113422    	3.086505e-03
0.00113431    	3.086346e-03
0.0011344     	3.086182e-03
0.00113449    	3.086010e-03
0.00113458    	3.085831e-03
0.00113467    	3.085649e-03
0.00113476    	3.085465e-03
0.00113485    	3.085281e-03
0.00113494    	3.085093e-03
0.00113503    	3.084902e-03
0.00113512    	3.084705e-03
0.00113521    	3.084503e-03
0.0011353     	3.084298e-03
0.00113539    	3.084088e-03
0.00113548    	3.083874e-03
0.00113557    	3.083657e-03
0.00113566    	3.083437e-03
0.00113575    	3.083212e-03
0.00113584    	3.082980e-03
0.00113593    	3.082741e-03
0.00113602    	3.082498e-03
0.00113611    	3.082253e-03
0.0011362     	3.082003e-03
0.00113629    	3.081748e-03
0.00113638    	3.081485e-03
0.00113647    	3.081212e-03
0.00113656    	3.080930e-03
0.00113665    	3.080639e-03
0.00113674    	3.080339e-03
0.00113683    	3.080028e-03
0.00113692    	3.079708e-03
0.00113701    	3.079381e-03
0.0011371     	3.079046e-03
0.00113719    	3.078704e-03
0.00113728    	3.078356e-03
0.00113737    	3.078001e-03
0.00113747    	3.077639e-03
0.00113756    	3.077269e-03
0.00113765    	3.076893e-03
0.00113774    	3.076508e-03
0.00113783    	3.076116e-03
0.00113792    	3.075716e-03
0.00113801    	3.075311e-03
0.0011381     	3.074899e-03
0.00113819    	3.074481e-03
0.00113828    	3.074054e-03
0.00113837    	3.073623e-03
0.00113846    	3.073188e-03
0.00113855    	3.072752e-03
0.00113864    	3.072315e-03
0.00113873    	3.071877e-03
0.00113882    	3.071438e-03
0.00113891    	3.070996e-03
0.001139      	3.070550e-03
0.00113909    	3.070101e-03
0.00113918    	3.069649e-03
0.00113927    	3.069195e-03
0.00113936    	3.068739e-03
0.00113945    	3.068282e-03
0.00113955    	3.067824e-03
0.00113964    	3.067367e-03
0.00113973    	3.066909e-03
0.00113982    	3.066452e-03
0.00113991    	3.065996e-03
0.00114       	3.065542e-03
0.00114009    	3.065093e-03
0.00114018    	3.064649e-03
0.00114027    	3.064211e-03
0.00114036    	3.063778e-03
0.00114045    	3.063350e-03
0.00114054    	3.062926e-03
0.00114063    	3.062507e-03
0.00114072    	3.062092e-03
0.00114081    	3.061682e-03
0.0011409     	3.061279e-03
0.001141      	3.060882e-03
0.00114109    	3.060493e-03
0.00114118    	3.060111e-03
0.00114127    	3.059736e-03
0.00114136    	3.059370e-03
0.00114145    	3.059011e-03
0.00114154    	3.058659e-03
0.00114163    	3.058314e-03
0.00114172    	3.057976e-03
0.00114181    	3.057647e-03
0.0011419     	3.057326e-03
0.00114199    	3.057013e-03
0.00114208    	3.056708e-03
0.00114218    	3.056410e-03
0.00114227    	3.056122e-03
0.00114236    	3.055845e-03
0.00114245    	3.055577e-03
0.00114254    	3.055320e-03
0.00114263    	3.055073e-03
0.00114272    	3.054838e-03
0.00114281    	3.054615e-03
0.0011429     	3.054402e-03
0.00114299    	3.054201e-03
0.00114308    	3.054010e-03
0.00114318    	3.053828e-03
0.00114327    	3.053655e-03
0.00114336    	3.053494e-03
0.00114345    	3.053343e-03
0.00114354    	3.053203e-03
0.00114363    	3.053073e-03
0.00114372    	3.052954e-03
0.00114381    	3.052851e-03
0.0011439     	3.052759e-03
0.001144      	3.052681e-03
0.00114409    	3.052616e-03
0.00114418    	3.052564e-03
0.00114427    	3.052522e-03
0.00114436    	3.052488e-03
0.00114445    	3.052464e-03
0.00114454    	3.052451e-03
0.00114463    	3.052451e-03
0.00114472    	3.052459e-03
0.00114482    	3.052481e-03
0.00114491    	3.052516e-03
0.001145      	3.052565e-03
0.00114509    	3.052625e-03
0.00114518    	3.052695e-03
0.00114527    	3.052775e-03
0.00114536    	3.052864e-03
0.00114546    	3.052964e-03
0.00114555    	3.053073e-03
0.00114564    	3.053192e-03
0.00114573    	3.053317e-03
0.00114582    	3.053453e-03
0.00114591    	3.053601e-03
0.001146      	3.053758e-03
0.00114609    	3.053924e-03
0.00114619    	3.054095e-03
0.00114628    	3.054272e-03
0.00114637    	3.054453e-03
0.00114646    	3.054640e-03
0.00114655    	3.054832e-03
0.00114664    	3.055031e-03
0.00114674    	3.055237e-03
0.00114683    	3.055447e-03
0.00114692    	3.055659e-03
0.00114701    	3.055876e-03
0.0011471     	3.056095e-03
0.00114719    	3.056315e-03
0.00114728    	3.056537e-03
0.00114738    	3.056760e-03
0.00114747    	3.056981e-03
0.00114756    	3.057197e-03
0.00114765    	3.057411e-03
0.00114774    	3.057623e-03
0.00114783    	3.057835e-03
0.00114793    	3.058042e-03
0.00114802    	3.058244e-03
0.00114811    	3.058444e-03
0.0011482     	3.058640e-03
0.00114829    	3.058834e-03
0.00114838    	3.059023e-03
0.00114848    	3.059210e-03
0.00114857    	3.059392e-03
0.00114866    	3.059570e-03
0.00114875    	3.059743e-03
0.00114884    	3.059911e-03
0.00114894    	3.060074e-03
0.00114903    	3.060233e-03
0.00114912    	3.060389e-03
0.00114921    	3.060543e-03
0.0011493     	3.060696e-03
0.0011494     	3.060846e-03
0.00114949    	3.060993e-03
0.00114958    	3.061138e-03
0.00114967    	3.061280e-03
0.00114976    	3.061422e-03
0.00114985    	3.061564e-03
0.00114995    	3.061704e-03
0.00115004    	3.061844e-03
0.00115013    	3.061983e-03
0.00115022    	3.062118e-03
0.00115032    	3.062250e-03
0.00115041    	3.062380e-03
0.0011505     	3.062509e-03
0.00115059    	3.062637e-03
0.00115068    	3.062763e-03
0.00115078    	3.062886e-03
0.00115087    	3.063007e-03
0.00115096    	3.063128e-03
0.00115105    	3.063251e-03
0.00115114    	3.063374e-03
0.00115124    	3.063495e-03
0.00115133    	3.063613e-03
0.00115142    	3.063730e-03
0.00115151    	3.063844e-03
0.00115161    	3.063955e-03
0.0011517     	3.064062e-03
0.00115179    	3.064165e-03
0.00115188    	3.064261e-03
0.00115197    	3.064354e-03
0.00115207    	3.064444e-03
0.00115216    	3.064530e-03
0.00115225    	3.064616e-03
0.00115234    	3.064701e-03
0.00115244    	3.064786e-03
0.00115253    	3.064872e-03
0.00115262    	3.064962e-03
0.00115271    	3.065057e-03
0.00115281    	3.065157e-03
0.0011529     	3.065262e-03
0.00115299    	3.065372e-03
0.00115308    	3.065490e-03
0.00115318    	3.065618e-03
0.00115327    	3.065762e-03
0.00115336    	3.065922e-03
0.00115345    	3.066098e-03
0.00115355    	3.066291e-03
0.00115364    	3.066503e-03
0.00115373    	3.066734e-03
0.00115382    	3.066985e-03
0.00115392    	3.067257e-03
0.00115401    	3.067554e-03
0.0011541     	3.067872e-03
0.00115419    	3.068209e-03
0.00115429    	3.068562e-03
0.00115438    	3.068933e-03
0.00115447    	3.069324e-03
0.00115457    	3.069735e-03
0.00115466    	3.070165e-03
0.00115475    	3.070617e-03
0.00115484    	3.071095e-03
0.00115494    	3.071601e-03
0.00115503    	3.072137e-03
0.00115512    	3.072702e-03
0.00115521    	3.073293e-03
0.00115531    	3.073912e-03
0.0011554     	3.074552e-03
0.00115549    	3.075214e-03
0.00115559    	3.075892e-03
0.00115568    	3.076593e-03
0.00115577    	3.077323e-03
0.00115586    	3.078071e-03
0.00115596    	3.078841e-03
0.00115605    	3.079624e-03
0.00115614    	3.080426e-03
0.00115624    	3.081255e-03
0.00115633    	3.082106e-03
0.00115642    	3.082960e-03
0.00115651    	3.083814e-03
0.00115661    	3.084671e-03
0.0011567     	3.085529e-03
0.00115679    	3.086381e-03
0.00115689    	3.087227e-03
0.00115698    	3.088056e-03
0.00115707    	3.088889e-03
0.00115716    	3.089729e-03
0.00115726    	3.090558e-03
0.00115735    	3.091367e-03
0.00115744    	3.092155e-03
0.00115754    	3.092919e-03
0.00115763    	3.093651e-03
0.00115772    	3.094345e-03
0.00115781    	3.094999e-03
0.00115791    	3.095617e-03
0.001158      	3.096208e-03
0.00115809    	3.096772e-03
0.00115819    	3.097311e-03
0.00115828    	3.097823e-03
0.00115837    	3.098310e-03
0.00115847    	3.098770e-03
0.00115856    	3.099200e-03
0.00115865    	3.099594e-03
0.00115875    	3.099952e-03
0.00115884    	3.100278e-03
0.00115893    	3.100574e-03
0.00115903    	3.100840e-03
0.00115912    	3.101080e-03
0.00115921    	3.101294e-03
0.00115931    	3.101484e-03
0.0011594     	3.101650e-03
0.00115949    	3.101799e-03
0.00115959    	3.101934e-03
0.00115968    	3.102052e-03
0.00115977    	3.102150e-03
0.00115987    	3.102230e-03
0.00115996    	3.102291e-03
0.00116005    	3.102334e-03
0.00116015    	3.102359e-03
0.00116024    	3.102368e-03
0.00116033    	3.102358e-03
0.00116043    	3.102330e-03
0.00116052    	3.102290e-03
0.00116061    	3.102240e-03
0.00116071    	3.102181e-03
0.0011608     	3.102110e-03
0.0011609     	3.102029e-03
0.00116099    	3.101936e-03
0.00116108    	3.101829e-03
0.00116118    	3.101712e-03
0.00116127    	3.101587e-03
0.00116136    	3.101454e-03
0.00116146    	3.101311e-03
0.00116155    	3.101158e-03
0.00116165    	3.100996e-03
0.00116174    	3.100826e-03
0.00116183    	3.100649e-03
0.00116193    	3.100467e-03
0.00116202    	3.100280e-03
0.00116211    	3.100090e-03
0.00116221    	3.099895e-03
0.0011623     	3.099695e-03
0.0011624     	3.099492e-03
0.00116249    	3.099287e-03
0.00116258    	3.099078e-03
0.00116268    	3.098863e-03
0.00116277    	3.098642e-03
0.00116286    	3.098417e-03
0.00116296    	3.098186e-03
0.00116305    	3.097948e-03
0.00116315    	3.097708e-03
0.00116324    	3.097468e-03
0.00116333    	3.097226e-03
0.00116343    	3.096979e-03
0.00116352    	3.096728e-03
0.00116361    	3.096472e-03
0.00116371    	3.096214e-03
0.0011638     	3.095953e-03
0.0011639     	3.095688e-03
0.00116399    	3.095420e-03
0.00116408    	3.095150e-03
0.00116418    	3.094875e-03
0.00116427    	3.094597e-03
0.00116436    	3.094316e-03
0.00116446    	3.094033e-03
0.00116455    	3.093748e-03
0.00116465    	3.093461e-03
0.00116474    	3.093171e-03
0.00116483    	3.092881e-03
0.00116493    	3.092591e-03
0.00116502    	3.092303e-03
0.00116512    	3.092015e-03
0.00116521    	3.091728e-03
0.0011653     	3.091443e-03
0.0011654     	3.091161e-03
0.00116549    	3.090883e-03
0.00116558    	3.090613e-03
0.00116568    	3.090350e-03
0.00116577    	3.090094e-03
0.00116587    	3.089840e-03
0.00116596    	3.089589e-03
0.00116605    	3.089342e-03
0.00116615    	3.089100e-03
0.00116624    	3.088862e-03
0.00116634    	3.088631e-03
0.00116643    	3.088407e-03
0.00116652    	3.088192e-03
0.00116662    	3.087984e-03
0.00116671    	3.087783e-03
0.00116681    	3.087588e-03
0.0011669     	3.087397e-03
0.00116699    	3.087212e-03
0.00116709    	3.087032e-03
0.00116718    	3.086856e-03
0.00116727    	3.086682e-03
0.00116737    	3.086513e-03
0.00116746    	3.086351e-03
0.00116756    	3.086197e-03
0.00116765    	3.086051e-03
0.00116774    	3.085910e-03
0.00116784    	3.085776e-03
0.00116793    	3.085647e-03
0.00116803    	3.085523e-03
0.00116812    	3.085406e-03
0.00116821    	3.085295e-03
0.00116831    	3.085192e-03
0.0011684     	3.085098e-03
0.0011685     	3.085012e-03
0.00116859    	3.084935e-03
0.00116868    	3.084868e-03
0.00116878    	3.084811e-03
0.00116887    	3.084764e-03
0.00116897    	3.084728e-03
0.00116906    	3.084702e-03
0.00116915    	3.084687e-03
0.00116925    	3.084683e-03
0.00116934    	3.084689e-03
0.00116944    	3.084708e-03
0.00116953    	3.084740e-03
0.00116962    	3.084786e-03
0.00116972    	3.084850e-03
0.00116981    	3.084932e-03
0.00116991    	3.085029e-03
0.00117       	3.085137e-03
0.00117009    	3.085254e-03
0.00117019    	3.085379e-03
0.00117028    	3.085511e-03
0.00117037    	3.085653e-03
0.00117047    	3.085804e-03
0.00117056    	3.085966e-03
0.00117066    	3.086141e-03
0.00117075    	3.086326e-03
0.00117084    	3.086522e-03
0.00117094    	3.086732e-03
0.00117103    	3.086954e-03
0.00117113    	3.087185e-03
0.00117122    	3.087422e-03
0.00117131    	3.087660e-03
0.00117141    	3.087903e-03
0.0011715     	3.088145e-03
0.0011716     	3.088394e-03
0.00117169    	3.088649e-03
0.00117178    	3.088906e-03
0.00117188    	3.089162e-03
0.00117197    	3.089418e-03
0.00117207    	3.089671e-03
0.00117216    	3.089917e-03
0.00117225    	3.090158e-03
0.00117235    	3.090399e-03
0.00117244    	3.090639e-03
0.00117254    	3.090874e-03
0.00117263    	3.091110e-03
0.00117272    	3.091345e-03
0.00117282    	3.091583e-03
0.00117291    	3.091822e-03
0.00117301    	3.092058e-03
0.0011731     	3.092292e-03
0.00117319    	3.092524e-03
0.00117329    	3.092752e-03
0.00117338    	3.092978e-03
0.00117348    	3.093201e-03
0.00117357    	3.093420e-03
0.00117366    	3.093640e-03
0.00117376    	3.093861e-03
0.00117385    	3.094082e-03
0.00117395    	3.094298e-03
0.00117404    	3.094512e-03
0.00117413    	3.094734e-03
0.00117423    	3.094961e-03
0.00117432    	3.095187e-03
0.00117442    	3.095409e-03
0.00117451    	3.095627e-03
0.0011746     	3.095840e-03
0.0011747     	3.096052e-03
0.00117479    	3.096260e-03
0.00117489    	3.096460e-03
0.00117498    	3.096668e-03
0.00117507    	3.096880e-03
0.00117517    	3.097095e-03
0.00117526    	3.097310e-03
0.00117536    	3.097518e-03
0.00117545    	3.097718e-03
0.00117554    	3.097906e-03
0.00117564    	3.098081e-03
0.00117573    	3.098248e-03
0.00117583    	3.098407e-03
0.00117592    	3.098564e-03
0.00117601    	3.098718e-03
0.00117611    	3.098869e-03
0.0011762     	3.099014e-03
0.0011763     	3.099150e-03
0.00117639    	3.099269e-03
0.00117648    	3.099380e-03
0.00117658    	3.099483e-03
0.00117667    	3.099575e-03
0.00117677    	3.099657e-03
0.00117686    	3.099731e-03
0.00117695    	3.099795e-03
0.00117705    	3.099846e-03
0.00117714    	3.099885e-03
0.00117724    	3.099919e-03
0.00117733    	3.099944e-03
0.00117742    	3.099959e-03
0.00117752    	3.099964e-03
0.00117761    	3.099956e-03
0.00117771    	3.099937e-03
0.0011778     	3.099906e-03
0.00117789    	3.099863e-03
0.00117799    	3.099806e-03
0.00117808    	3.099734e-03
0.00117817    	3.099647e-03
0.00117827    	3.099550e-03
0.00117836    	3.099444e-03
0.00117845    	3.099330e-03
0.00117855    	3.099210e-03
0.00117864    	3.099084e-03
0.00117874    	3.098950e-03
0.00117883    	3.098808e-03
0.00117892    	3.098658e-03
0.00117902    	3.098497e-03
0.00117911    	3.098325e-03
0.0011792     	3.098142e-03
0.0011793     	3.097948e-03
0.00117939    	3.097740e-03
0.00117948    	3.097522e-03
0.00117958    	3.097294e-03
0.00117967    	3.097056e-03
0.00117976    	3.096809e-03
0.00117986    	3.096553e-03
0.00117995    	3.096286e-03
0.00118004    	3.096009e-03
0.00118014    	3.095725e-03
0.00118023    	3.095433e-03
0.00118032    	3.095135e-03
0.00118042    	3.094831e-03
0.00118051    	3.094518e-03
0.0011806     	3.094198e-03
0.00118069    	3.093868e-03
0.00118079    	3.093527e-03
0.00118088    	3.093177e-03
0.00118097    	3.092820e-03
0.00118107    	3.092459e-03
0.00118116    	3.092092e-03
0.00118125    	3.091720e-03
0.00118135    	3.091341e-03
0.00118144    	3.090959e-03
0.00118153    	3.090573e-03
0.00118162    	3.090185e-03
0.00118172    	3.089795e-03
0.00118181    	3.089406e-03
0.0011819     	3.089015e-03
0.001182      	3.088621e-03
0.00118209    	3.088224e-03
0.00118218    	3.087827e-03
0.00118227    	3.087430e-03
0.00118237    	3.087032e-03
0.00118246    	3.086636e-03
0.00118255    	3.086241e-03
0.00118264    	3.085847e-03
0.00118274    	3.085454e-03
0.00118283    	3.085062e-03
0.00118292    	3.084670e-03
0.00118301    	3.084280e-03
0.00118311    	3.083893e-03
0.0011832     	3.083510e-03
0.00118329    	3.083130e-03
0.00118338    	3.082754e-03
0.00118348    	3.082383e-03
0.00118357    	3.082014e-03
0.00118366    	3.081648e-03
0.00118375    	3.081287e-03
0.00118385    	3.080932e-03
0.00118394    	3.080582e-03
0.00118403    	3.080239e-03
0.00118412    	3.079902e-03
0.00118422    	3.079571e-03
0.00118431    	3.079244e-03
0.0011844     	3.078921e-03
0.00118449    	3.078599e-03
0.00118459    	3.078277e-03
0.00118468    	3.077956e-03
0.00118477    	3.077638e-03
0.00118486    	3.077324e-03
0.00118496    	3.077013e-03
0.00118505    	3.076703e-03
0.00118514    	3.076397e-03
0.00118523    	3.076098e-03
0.00118532    	3.075804e-03
0.00118542    	3.075512e-03
0.00118551    	3.075221e-03
0.0011856     	3.074932e-03
0.00118569    	3.074643e-03
0.00118579    	3.074354e-03
0.00118588    	3.074067e-03
0.00118597    	3.073782e-03
0.00118606    	3.073500e-03
0.00118615    	3.073224e-03
0.00118625    	3.072950e-03
0.00118634    	3.072677e-03
0.00118643    	3.072405e-03
0.00118652    	3.072136e-03
0.00118661    	3.071870e-03
0.00118671    	3.071605e-03
0.0011868     	3.071342e-03
0.00118689    	3.071080e-03
0.00118698    	3.070817e-03
0.00118707    	3.070555e-03
0.00118717    	3.070293e-03
0.00118726    	3.070032e-03
0.00118735    	3.069768e-03
0.00118744    	3.069506e-03
0.00118753    	3.069246e-03
0.00118763    	3.068991e-03
0.00118772    	3.068739e-03
0.00118781    	3.068491e-03
0.0011879     	3.068244e-03
0.00118799    	3.067999e-03
0.00118808    	3.067760e-03
0.00118817    	3.067529e-03
0.00118827    	3.067301e-03
0.00118836    	3.067075e-03
0.00118845    	3.066849e-03
0.00118854    	3.066622e-03
0.00118863    	3.066400e-03
0.00118872    	3.066183e-03
0.00118881    	3.065971e-03
0.0011889     	3.065766e-03
0.001189      	3.065570e-03
0.00118909    	3.065382e-03
0.00118918    	3.065203e-03
0.00118927    	3.065033e-03
0.00118936    	3.064872e-03
0.00118945    	3.064721e-03
0.00118954    	3.064575e-03
0.00118963    	3.064439e-03
0.00118972    	3.064313e-03
0.00118981    	3.064194e-03
0.00118991    	3.064083e-03
0.00119       	3.063979e-03
0.00119009    	3.063883e-03
0.00119018    	3.063797e-03
0.00119027    	3.063720e-03
0.00119036    	3.063654e-03
0.00119045    	3.063599e-03
0.00119054    	3.063554e-03
0.00119063    	3.063519e-03
0.00119072    	3.063493e-03
0.00119081    	3.063476e-03
0.0011909     	3.063469e-03
0.00119099    	3.063473e-03
0.00119108    	3.063489e-03
0.00119117    	3.063515e-03
0.00119126    	3.063551e-03
0.00119135    	3.063604e-03
0.00119144    	3.063673e-03
0.00119153    	3.063757e-03
0.00119162    	3.063855e-03
0.00119171    	3.063966e-03
0.0011918     	3.064088e-03
0.00119189    	3.064222e-03
0.00119198    	3.064366e-03
0.00119207    	3.064520e-03
0.00119216    	3.064688e-03
0.00119225    	3.064871e-03
0.00119234    	3.065073e-03
0.00119243    	3.065288e-03
0.00119252    	3.065511e-03
0.00119261    	3.065741e-03
0.0011927     	3.065980e-03
0.00119279    	3.066230e-03
0.00119288    	3.066489e-03
0.00119297    	3.066755e-03
0.00119306    	3.067022e-03
0.00119315    	3.067289e-03
0.00119324    	3.067554e-03
0.00119333    	3.067815e-03
0.00119342    	3.068079e-03
0.00119351    	3.068347e-03
0.0011936     	3.068614e-03
0.00119369    	3.068880e-03
0.00119377    	3.069138e-03
0.00119386    	3.069390e-03
0.00119395    	3.069644e-03
0.00119404    	3.069896e-03
0.00119413    	3.070142e-03
0.00119422    	3.070380e-03
0.00119431    	3.070608e-03
0.0011944     	3.070825e-03
0.00119449    	3.071029e-03
0.00119458    	3.071220e-03
0.00119466    	3.071399e-03
0.00119475    	3.071566e-03
0.00119484    	3.071724e-03
0.00119493    	3.071875e-03
0.00119502    	3.072020e-03
0.00119511    	3.072159e-03
0.0011952     	3.072292e-03
0.00119529    	3.072417e-03
0.00119537    	3.072538e-03
0.00119546    	3.072653e-03
0.00119555    	3.072763e-03
0.00119564    	3.072868e-03
0.00119573    	3.072968e-03
0.00119582    	3.073064e-03
0.0011959     	3.073158e-03
0.00119599    	3.073250e-03
0.00119608    	3.073339e-03
0.00119617    	3.073425e-03
0.00119626    	3.073505e-03
0.00119635    	3.073579e-03
0.00119643    	3.073648e-03
0.00119652    	3.073711e-03
0.00119661    	3.073771e-03
0.0011967     	3.073829e-03
0.00119679    	3.073883e-03
0.00119687    	3.073936e-03
0.00119696    	3.073984e-03
0.00119705    	3.074026e-03
0.00119714    	3.074066e-03
0.00119722    	3.074104e-03
0.00119731    	3.074138e-03
0.0011974     	3.074170e-03
0.00119749    	3.074198e-03
0.00119758    	3.074223e-03
0.00119766    	3.074244e-03
0.00119775    	3.074261e-03
0.00119784    	3.074273e-03
0.00119793    	3.074283e-03
0.00119801    	3.074293e-03
0.0011981     	3.074303e-03
0.00119819    	3.074310e-03
0.00119828    	3.074317e-03
0.00119836    	3.074324e-03
0.00119845    	3.074330e-03
0.00119854    	3.074335e-03
0.00119863    	3.074338e-03
0.00119871    	3.074339e-03
0.0011988     	3.074338e-03
0.00119889    	3.074335e-03
0.00119897    	3.074331e-03
0.00119906    	3.074327e-03
0.00119915    	3.074323e-03
0.00119924    	3.074318e-03
0.00119932    	3.074312e-03
0.00119941    	3.074305e-03
0.0011995     	3.074298e-03
0.00119959    	3.074293e-03
0.00119967    	3.074292e-03
0.00119976    	3.074294e-03
0.00119985    	3.074300e-03
0.00119993    	3.074308e-03
0.00120002    	3.074318e-03
0.00120011    	3.074327e-03
0.0012002     	3.074337e-03
0.00120028    	3.074348e-03
0.00120037    	3.074359e-03
0.00120046    	3.074371e-03
0.00120054    	3.074383e-03
0.00120063    	3.074396e-03
0.00120072    	3.074411e-03
0.00120081    	3.074430e-03
0.00120089    	3.074450e-03
0.00120098    	3.074471e-03
0.00120107    	3.074492e-03
0.00120115    	3.074514e-03
0.00120124    	3.074537e-03
0.00120133    	3.074561e-03
0.00120141    	3.074586e-03
0.0012015     	3.074613e-03
0.00120159    	3.074641e-03
0.00120168    	3.074671e-03
0.00120176    	3.074702e-03
0.00120185    	3.074734e-03
0.00120194    	3.074764e-03
0.00120202    	3.074794e-03
0.00120211    	3.074824e-03
0.0012022     	3.074854e-03
0.00120228    	3.074883e-03
0.00120237    	3.074914e-03
0.00120246    	3.074946e-03
0.00120255    	3.074975e-03
0.00120263    	3.075002e-03
0.00120272    	3.075025e-03
0.00120281    	3.075045e-03
0.00120289    	3.075062e-03
0.00120298    	3.075076e-03
0.00120307    	3.075090e-03
0.00120316    	3.075102e-03
0.00120324    	3.075111e-03
0.00120333    	3.075115e-03
0.00120342    	3.075115e-03
0.0012035     	3.075111e-03
0.00120359    	3.075104e-03
0.00120368    	3.075093e-03
0.00120377    	3.075077e-03
0.00120385    	3.075059e-03
0.00120394    	3.075036e-03
0.00120403    	3.075010e-03
0.00120412    	3.074980e-03
0.0012042     	3.074949e-03
0.00120429    	3.074918e-03
0.00120438    	3.074885e-03
0.00120447    	3.074853e-03
0.00120455    	3.074821e-03
0.00120464    	3.074788e-03
0.00120473    	3.074750e-03
0.00120482    	3.074707e-03
0.00120491    	3.074659e-03
0.00120499    	3.074607e-03
0.00120508    	3.074553e-03
0.00120517    	3.074491e-03
0.00120526    	3.074428e-03
0.00120534    	3.074366e-03
0.00120543    	3.074308e-03
0.00120552    	3.074250e-03
0.00120561    	3.074193e-03
0.0012057     	3.074135e-03
0.00120579    	3.074074e-03
0.00120587    	3.074011e-03
0.00120596    	3.073942e-03
0.00120605    	3.073870e-03
0.00120614    	3.073795e-03
0.00120623    	3.073718e-03
0.00120632    	3.073635e-03
0.0012064     	3.073548e-03
0.00120649    	3.073455e-03
0.00120658    	3.073354e-03
0.00120667    	3.073247e-03
0.00120676    	3.073131e-03
0.00120685    	3.073006e-03
0.00120693    	3.072871e-03
0.00120702    	3.072724e-03
0.00120711    	3.072567e-03
0.0012072     	3.072399e-03
0.00120729    	3.072225e-03
0.00120738    	3.072047e-03
0.00120747    	3.071862e-03
0.00120756    	3.071672e-03
0.00120765    	3.071472e-03
0.00120773    	3.071263e-03
0.00120782    	3.071047e-03
0.00120791    	3.070821e-03
0.001208      	3.070590e-03
0.00120809    	3.070357e-03
0.00120818    	3.070122e-03
0.00120827    	3.069884e-03
0.00120836    	3.069640e-03
0.00120845    	3.069388e-03
0.00120854    	3.069131e-03
0.00120863    	3.068869e-03
0.00120872    	3.068599e-03
0.00120881    	3.068322e-03
0.0012089     	3.068038e-03
0.00120899    	3.067747e-03
0.00120908    	3.067452e-03
0.00120917    	3.067151e-03
0.00120926    	3.066844e-03
0.00120935    	3.066527e-03
0.00120944    	3.066201e-03
0.00120953    	3.065862e-03
0.00120962    	3.065513e-03
0.00120971    	3.065156e-03
0.0012098     	3.064792e-03
0.00120989    	3.064422e-03
0.00120998    	3.064050e-03
0.00121007    	3.063675e-03
0.00121016    	3.063298e-03
0.00121025    	3.062919e-03
0.00121034    	3.062535e-03
0.00121043    	3.062147e-03
0.00121052    	3.061755e-03
0.00121061    	3.061359e-03
0.0012107     	3.060963e-03
0.00121079    	3.060567e-03
0.00121089    	3.060171e-03
0.00121098    	3.059775e-03
0.00121107    	3.059378e-03
0.00121116    	3.058980e-03
0.00121125    	3.058581e-03
0.00121134    	3.058183e-03
0.00121143    	3.057787e-03
0.00121152    	3.057395e-03
0.00121162    	3.057008e-03
0.00121171    	3.056626e-03
0.0012118     	3.056247e-03
0.00121189    	3.055871e-03
0.00121198    	3.055496e-03
0.00121207    	3.055122e-03
0.00121216    	3.054749e-03
0.00121226    	3.054376e-03
0.00121235    	3.054005e-03
0.00121244    	3.053639e-03
0.00121253    	3.053273e-03
0.00121262    	3.052911e-03
0.00121272    	3.052554e-03
0.00121281    	3.052203e-03
0.0012129     	3.051860e-03
0.00121299    	3.051529e-03
0.00121308    	3.051205e-03
0.00121318    	3.050890e-03
0.00121327    	3.050583e-03
0.00121336    	3.050284e-03
0.00121345    	3.049988e-03
0.00121354    	3.049700e-03
0.00121363    	3.049418e-03
0.00121373    	3.049141e-03
0.00121382    	3.048867e-03
0.00121391    	3.048594e-03
0.001214      	3.048327e-03
0.00121409    	3.048065e-03
0.00121419    	3.047808e-03
0.00121428    	3.047557e-03
0.00121437    	3.047309e-03
0.00121446    	3.047066e-03
0.00121455    	3.046828e-03
0.00121465    	3.046598e-03
0.00121474    	3.046377e-03
0.00121483    	3.046165e-03
0.00121492    	3.045962e-03
0.00121501    	3.045769e-03
0.00121511    	3.045584e-03
0.0012152     	3.045407e-03
0.00121529    	3.045235e-03
0.00121538    	3.045075e-03
0.00121547    	3.044924e-03
0.00121557    	3.044779e-03
0.00121566    	3.044638e-03
0.00121575    	3.044503e-03
0.00121584    	3.044373e-03
0.00121593    	3.044249e-03
0.00121603    	3.044128e-03
0.00121612    	3.044011e-03
0.00121621    	3.043898e-03
0.0012163     	3.043788e-03
0.00121639    	3.043682e-03
0.00121649    	3.043578e-03
0.00121658    	3.043475e-03
0.00121667    	3.043382e-03
0.00121676    	3.043296e-03
0.00121686    	3.043219e-03
0.00121695    	3.043144e-03
0.00121704    	3.043074e-03
0.00121713    	3.043007e-03
0.00121722    	3.042946e-03
0.00121732    	3.042888e-03
0.00121741    	3.042834e-03
0.0012175     	3.042790e-03
0.00121759    	3.042758e-03
0.00121768    	3.042738e-03
0.00121778    	3.042723e-03
0.00121787    	3.042709e-03
0.00121796    	3.042696e-03
0.00121805    	3.042691e-03
0.00121814    	3.042698e-03
0.00121824    	3.042712e-03
0.00121833    	3.042727e-03
0.00121842    	3.042744e-03
0.00121851    	3.042762e-03
0.0012186     	3.042784e-03
0.0012187     	3.042812e-03
0.00121879    	3.042843e-03
0.00121888    	3.042874e-03
0.00121897    	3.042907e-03
0.00121906    	3.042941e-03
0.00121915    	3.042981e-03
0.00121925    	3.043024e-03
0.00121934    	3.043070e-03
0.00121943    	3.043124e-03
0.00121952    	3.043185e-03
0.00121961    	3.043251e-03
0.0012197     	3.043321e-03
0.0012198     	3.043398e-03
0.00121989    	3.043481e-03
0.00121998    	3.043567e-03
0.00122007    	3.043658e-03
0.00122016    	3.043756e-03
0.00122025    	3.043859e-03
0.00122034    	3.043962e-03
0.00122044    	3.044071e-03
0.00122053    	3.044186e-03
0.00122062    	3.044308e-03
0.00122071    	3.044433e-03
0.0012208     	3.044564e-03
0.00122089    	3.044700e-03
0.00122098    	3.044841e-03
0.00122107    	3.044985e-03
0.00122116    	3.045133e-03
0.00122125    	3.045285e-03
0.00122135    	3.045438e-03
0.00122144    	3.045590e-03
0.00122153    	3.045747e-03
0.00122162    	3.045912e-03
0.00122171    	3.046083e-03
0.0012218     	3.046259e-03
0.00122189    	3.046439e-03
0.00122198    	3.046620e-03
0.00122207    	3.046806e-03
0.00122216    	3.046994e-03
0.00122225    	3.047190e-03
0.00122234    	3.047397e-03
0.00122243    	3.047613e-03
0.00122252    	3.047837e-03
0.00122261    	3.048063e-03
0.0012227     	3.048288e-03
0.00122279    	3.048510e-03
0.00122288    	3.048730e-03
0.00122297    	3.048957e-03
0.00122306    	3.049188e-03
0.00122314    	3.049428e-03
0.00122323    	3.049676e-03
0.00122332    	3.049928e-03
0.00122341    	3.050180e-03
0.0012235     	3.050428e-03
0.00122359    	3.050669e-03
0.00122368    	3.050900e-03
0.00122377    	3.051123e-03
0.00122386    	3.051345e-03
0.00122395    	3.051566e-03
0.00122403    	3.051783e-03
0.00122412    	3.051996e-03
0.00122421    	3.052208e-03
0.0012243     	3.052425e-03
0.00122439    	3.052642e-03
0.00122448    	3.052857e-03
0.00122457    	3.053072e-03
0.00122465    	3.053284e-03
0.00122474    	3.053490e-03
0.00122483    	3.053702e-03
0.00122492    	3.053919e-03
0.00122501    	3.054138e-03
0.0012251     	3.054354e-03
0.00122518    	3.054562e-03
0.00122527    	3.054767e-03
0.00122536    	3.054971e-03
0.00122545    	3.055173e-03
0.00122554    	3.055376e-03
0.00122562    	3.055576e-03
0.00122571    	3.055773e-03
0.0012258     	3.055963e-03
0.00122589    	3.056143e-03
0.00122597    	3.056310e-03
0.00122606    	3.056461e-03
0.00122615    	3.056599e-03
0.00122624    	3.056726e-03
0.00122633    	3.056843e-03
0.00122641    	3.056948e-03
0.0012265     	3.057042e-03
0.00122659    	3.057124e-03
0.00122668    	3.057198e-03
0.00122676    	3.057261e-03
0.00122685    	3.057316e-03
0.00122694    	3.057363e-03
0.00122703    	3.057400e-03
0.00122711    	3.057429e-03
0.0012272     	3.057451e-03
0.00122729    	3.057461e-03
0.00122737    	3.057461e-03
0.00122746    	3.057450e-03
0.00122755    	3.057430e-03
0.00122764    	3.057405e-03
0.00122772    	3.057377e-03
0.00122781    	3.057345e-03
0.0012279     	3.057305e-03
0.00122799    	3.057257e-03
0.00122807    	3.057198e-03
0.00122816    	3.057127e-03
0.00122825    	3.057043e-03
0.00122833    	3.056949e-03
0.00122842    	3.056846e-03
0.00122851    	3.056734e-03
0.0012286     	3.056614e-03
0.00122868    	3.056491e-03
0.00122877    	3.056365e-03
0.00122886    	3.056237e-03
0.00122894    	3.056106e-03
0.00122903    	3.055972e-03
0.00122912    	3.055836e-03
0.0012292     	3.055695e-03
