# Probe 0 (0 0 0.76)
# Time        0            
0             (1.23826 1.60872 207.352)
3.09806e-07   (1.3015 1.54127 206.964)
1.15076e-06   (1.67177 1.33081 206.19)
2.01888e-06   (1.97739 1.1475 205.339)
2.8886e-06    (2.21253 0.980552 204.392)
3.75913e-06   (2.46691 0.781108 203.325)
4.63106e-06   (2.84965 0.444498 202.092)
5.50419e-06   (3.31904 -0.0269283 200.789)
6.37766e-06   (3.77876 -0.52975 199.389)
7.25026e-06   (4.15112 -0.980525 197.964)
8.12218e-06   (4.45363 -1.36254 196.591)
8.99355e-06   (4.76023 -1.71974 195.184)
9.86462e-06   (5.07176 -2.04912 193.849)
1.07355e-05   (5.37013 -2.29579 192.663)
1.16063e-05   (5.5986 -2.3853 191.555)
1.24766e-05   (5.74236 -2.26346 190.552)
1.33455e-05   (5.84541 -1.95072 189.631)
1.42129e-05   (5.93671 -1.49092 188.731)
1.50794e-05   (6.01051 -0.931488 187.886)
1.59452e-05   (6.03598 -0.306545 187.162)
1.68106e-05   (5.97091 0.351329 186.618)
1.76755e-05   (5.79268 0.990408 186.297)
1.85393e-05   (5.51313 1.54101 186.232)
1.94021e-05   (5.17698 1.92713 186.482)
2.02643e-05   (4.8291 2.08857 187.119)
2.1126e-05    (4.49061 1.97294 188.208)
2.19876e-05   (4.1736 1.58866 189.696)
2.28493e-05   (3.89239 1.01289 191.546)
2.37113e-05   (3.66283 0.34417 193.692)
2.4574e-05    (3.45817 -0.319922 196.015)
2.54373e-05   (3.21937 -0.90364 198.359)
2.63012e-05   (2.86832 -1.36561 200.566)
2.71626e-05   (2.36205 -1.70842 202.493)
2.80216e-05   (1.72335 -1.96584 204.06)
2.88786e-05   (1.0257 -2.17432 205.237)
2.97341e-05   (0.348689 -2.34431 206.107)
3.05881e-05   (-0.212773 -2.47766 206.793)
3.1441e-05    (-0.691071 -2.57187 207.37)
3.22929e-05   (-1.05084 -2.61617 207.911)
3.31437e-05   (-1.32013 -2.59686 208.455)
3.39936e-05   (-1.55224 -2.50278 208.991)
3.48427e-05   (-1.7914 -2.32839 209.507)
3.56914e-05   (-2.06603 -2.07671 209.99)
3.65397e-05   (-2.38202 -1.76486 210.43)
3.7388e-05    (-2.73599 -1.41371 210.852)
3.82363e-05   (-3.11458 -1.0486 211.26)
3.90849e-05   (-3.49386 -0.700167 211.679)
3.99338e-05   (-3.84123 -0.399109 212.132)
4.07832e-05   (-4.12016 -0.190663 212.634)
4.16332e-05   (-4.29303 -0.102799 213.184)
4.2484e-05    (-4.32732 -0.159032 213.761)
4.33356e-05   (-4.20065 -0.360333 214.318)
4.41882e-05   (-3.90892 -0.677442 214.791)
4.50411e-05   (-3.47858 -1.05569 215.109)
4.5892e-05    (-2.97375 -1.41591 215.222)
4.67405e-05   (-2.46952 -1.6963 215.104)
4.75867e-05   (-2.05026 -1.83996 214.783)
4.84309e-05   (-1.7697 -1.80895 214.309)
4.92734e-05   (-1.634 -1.60086 213.755)
5.01144e-05   (-1.60175 -1.22859 213.216)
5.0954e-05    (-1.59089 -0.714613 212.745)
5.17924e-05   (-1.53942 -0.0866831 212.367)
5.26296e-05   (-1.40052 0.606497 212.07)
5.3466e-05    (-1.18098 1.30673 211.845)
5.43018e-05   (-0.923791 1.97057 211.687)
5.51371e-05   (-0.671974 2.56452 211.583)
5.59721e-05   (-0.453754 3.0636 211.518)
5.68071e-05   (-0.293666 3.4516 211.476)
5.76424e-05   (-0.204882 3.72393 211.444)
5.8478e-05    (-0.19535 3.88515 211.412)
5.93141e-05   (-0.270115 3.94458 211.375)
6.01507e-05   (-0.426498 3.91362 211.336)
6.09877e-05   (-0.649966 3.80246 211.291)
6.18253e-05   (-0.91569 3.61976 211.235)
6.26637e-05   (-1.19109 3.37484 211.16)
6.35029e-05   (-1.43992 3.08145 211.057)
6.43429e-05   (-1.62284 2.75201 210.92)
6.51839e-05   (-1.70606 2.41018 210.743)
6.60258e-05   (-1.66961 2.07627 210.522)
6.68686e-05   (-1.50254 1.77986 210.25)
6.77124e-05   (-1.20532 1.5349 209.931)
6.85572e-05   (-0.796913 1.34685 209.582)
6.9403e-05    (-0.302777 1.21427 209.225)
7.02497e-05   (0.246642 1.11423 208.897)
7.10973e-05   (0.814556 1.01021 208.631)
7.19458e-05   (1.36725 0.872283 208.469)
7.27951e-05   (1.88548 0.690804 208.428)
7.36452e-05   (2.36034 0.430448 208.492)
7.44962e-05   (2.80097 0.0623306 208.636)
7.53479e-05   (3.2051 -0.430706 208.825)
7.62004e-05   (3.56095 -1.04528 209.041)
7.70535e-05   (3.84675 -1.75309 209.272)
7.79071e-05   (4.03515 -2.50589 209.509)
7.87613e-05   (4.11156 -3.22666 209.753)
7.96164e-05   (4.06557 -3.85931 209.965)
8.04726e-05   (3.89458 -4.32105 210.081)
8.13298e-05   (3.60407 -4.53598 210.038)
8.21883e-05   (3.2185 -4.44237 209.723)
8.3047e-05    (2.78354 -4.00624 209.064)
8.39047e-05   (2.34435 -3.21494 208.031)
8.47613e-05   (1.93569 -2.09533 206.674)
8.5616e-05    (1.55382 -0.748803 205.054)
8.64695e-05   (1.14485 0.665469 203.347)
8.73209e-05   (0.653789 1.95979 201.662)
8.81699e-05   (0.114877 2.97927 200.303)
8.90166e-05   (-0.517162 3.60837 199.412)
8.98612e-05   (-1.15908 3.83363 199.114)
9.07038e-05   (-1.71637 3.68618 199.428)
9.15447e-05   (-2.07029 3.21337 200.19)
9.23841e-05   (-2.13061 2.48873 201.112)
9.32221e-05   (-1.86665 1.62144 201.954)
9.40592e-05   (-1.36036 0.764601 202.6)
9.48956e-05   (-0.660877 0.121996 202.833)
9.57318e-05   (0.156811 -0.262194 202.925)
9.65683e-05   (1.05073 -0.363803 202.918)
9.74053e-05   (1.98963 -0.244165 202.875)
9.82409e-05   (2.92407 0.0225129 202.84)
9.90747e-05   (3.79967 0.368782 202.846)
9.99067e-05   (4.54887 0.768417 202.902)
0.000100737   (5.1268 1.1889 203.048)
0.000101566   (5.50894 1.61052 203.325)
0.000102394   (5.68276 2.00974 203.743)
0.000103222   (5.65 2.34872 204.342)
0.000104049   (5.42708 2.59698 205.139)
0.000104877   (5.06493 2.74185 206.113)
0.000105705   (4.59935 2.80442 207.221)
0.000106534   (4.08826 2.8379 208.402)
0.000107366   (3.59383 2.90202 209.586)
0.000108199   (3.17337 3.02875 210.697)
0.000109033   (2.86016 3.2027 211.671)
0.000109868   (2.69236 3.38195 212.511)
0.000110704   (2.68219 3.49796 213.175)
0.000111542   (2.79006 3.54521 213.694)
0.000112383   (2.99685 3.48805 214.082)
0.000113225   (3.25436 3.3289 214.33)
0.000114071   (3.49246 3.08618 214.432)
0.00011492    (3.64185 2.78549 214.376)
0.000115773   (3.62847 2.45687 214.154)
0.000116629   (3.4003 2.12845 213.765)
0.00011749    (2.93462 1.8196 213.226)
0.000118355   (2.25832 1.53877 212.578)
0.000119224   (1.425 1.28727 211.884)
0.000120098   (0.527722 1.06187 211.193)
0.000120975   (-0.333616 0.867273 210.515)
0.000121853   (-1.0843 0.718667 209.886)
0.000122731   (-1.68359 0.624365 209.282)
0.00012361    (-2.14097 0.574599 208.705)
0.000124489   (-2.49141 0.545903 208.111)
0.000125369   (-2.76987 0.502415 207.47)
0.000126249   (-3.00058 0.401712 206.769)
0.00012713    (-3.19363 0.207887 206.006)
0.000128012   (-3.35416 -0.0859611 205.188)
0.000128894   (-3.47248 -0.45941 204.338)
0.000129777   (-3.55861 -0.873575 203.488)
0.000130661   (-3.6008 -1.26782 202.689)
0.000131545   (-3.61317 -1.58909 201.979)
0.00013243    (-3.60525 -1.79451 201.51)
0.000133315   (-3.58352 -1.91911 201.346)
0.000134199   (-3.5537 -2.01707 201.579)
0.000135082   (-3.49885 -2.16261 202.247)
0.000135965   (-3.40887 -2.41155 203.302)
0.000136848   (-3.22725 -2.77661 204.599)
0.000137731   (-2.90129 -3.22922 205.926)
0.000138613   (-2.38515 -3.6778 207.032)
0.000139496   (-1.69408 -4.04249 207.799)
0.000140379   (-0.896955 -4.21517 207.945)
0.000141262   (-0.10841 -4.12301 207.621)
0.000142146   (0.544198 -3.7398 206.935)
0.000143029   (1.0017 -3.08804 206.018)
0.00014391    (1.29594 -2.21892 204.994)
0.00014479    (1.45001 -1.19464 203.947)
0.00014567    (1.49692 -0.0826329 202.932)
0.000146551   (1.45983 1.03929 201.984)
0.000147433   (1.35241 2.09863 201.119)
0.000148316   (1.18381 3.05377 200.363)
0.000149201   (0.966854 3.88887 199.699)
0.000150086   (0.718412 4.60819 199.113)
0.000150972   (0.460546 5.2071 198.602)
0.000151858   (0.214383 5.67449 198.167)
0.000152745   (0.00782642 6.00757 197.829)
0.000153628   (-0.142906 6.20003 197.611)
0.000154507   (-0.232385 6.26173 197.526)
0.000155382   (-0.263373 6.22432 197.615)
0.000156255   (-0.242557 6.14427 197.858)
0.000157125   (-0.174405 6.09702 198.256)
0.000157994   (-0.0400087 6.15404 198.779)
0.000158864   (0.140624 6.34448 199.392)
0.000159733   (0.345945 6.62672 200.064)
0.000160604   (0.50937 6.93155 200.776)
0.000161473   (0.544187 7.16594 201.519)
0.000162341   (0.373927 7.25143 202.276)
0.000163206   (-0.0218229 7.13963 203.021)
0.000164069   (-0.595445 6.81055 203.72)
0.000164929   (-1.24279 6.25901 204.347)
0.000165787   (-1.83647 5.49945 204.885)
0.00016664    (-2.26919 4.55909 205.322)
0.000167489   (-2.47983 3.50096 205.653)
0.000168335   (-2.4741 2.40458 205.875)
0.000169179   (-2.30826 1.36694 205.989)
0.000170019   (-2.063 0.466626 205.989)
0.000170858   (-1.82164 -0.228549 205.881)
0.000171696   (-1.65121 -0.695752 205.691)
0.000172532   (-1.58489 -0.937697 205.432)
0.000173369   (-1.63468 -0.977614 205.154)
0.000174205   (-1.79153 -0.85473 204.923)
0.000175042   (-2.03497 -0.626736 204.793)
0.000175879   (-2.32676 -0.350554 204.81)
0.000176718   (-2.64021 -0.068019 205.026)
0.000177557   (-2.93798 0.190262 205.391)
0.000178397   (-3.19909 0.411252 205.882)
0.000179244   (-3.3872 0.605692 206.439)
0.000180101   (-3.4683 0.782483 206.996)
0.000180961   (-3.41554 0.946246 207.485)
0.000181822   (-3.2157 1.09295 207.856)
0.000182685   (-2.87288 1.20903 208.083)
0.00018355    (-2.40917 1.27114 208.176)
0.000184417   (-1.86109 1.25577 208.151)
0.000185285   (-1.27431 1.14026 208.059)
0.000186153   (-0.696923 0.913001 207.953)
0.000187022   (-0.16694 0.585562 207.879)
0.000187888   (0.279767 0.195851 207.872)
0.000188751   (0.628802 -0.198605 207.953)
0.000189612   (0.88431 -0.528635 208.12)
0.00019047    (1.06473 -0.726993 208.363)
0.000191327   (1.19889 -0.744832 208.668)
0.000192183   (1.32789 -0.557944 209.035)
0.000193037   (1.45697 -0.190568 209.482)
0.000193891   (1.59796 0.341702 209.964)
0.000194744   (1.74275 0.977584 210.561)
0.000195596   (1.85594 1.65468 211.26)
0.000196449   (1.90702 2.30902 212.056)
0.000197301   (1.86707 2.87039 212.918)
0.000198155   (1.71333 3.26595 213.791)
0.000199009   (1.4354 3.42738 214.604)
0.000199864   (1.03827 3.30519 215.271)
0.00020072    (0.533098 2.88297 215.73)
0.000201577   (-0.0550261 2.18995 215.951)
0.000202436   (-0.698153 1.303 215.969)
0.000203296   (-1.36924 0.329116 215.801)
0.000204158   (-2.04155 -0.630888 215.503)
0.000205019   (-2.71177 -1.47859 215.172)
0.000205879   (-3.38626 -2.17684 214.83)
0.000206738   (-4.07679 -2.69195 214.435)
0.000207598   (-4.76791 -3.02005 213.921)
0.000208457   (-5.40379 -3.17184 213.204)
0.000209318   (-5.90071 -3.148 212.181)
0.000210179   (-6.15181 -2.92953 210.774)
0.000211042   (-6.06216 -2.47588 208.912)
0.000211906   (-5.59389 -1.75171 206.639)
0.000212772   (-4.82572 -0.75931 204.131)
0.00021364    (-3.88591 0.423195 201.652)
0.000214511   (-2.99448 1.63886 199.551)
0.000215382   (-2.39438 2.74938 198.119)
0.000216254   (-2.2033 3.72755 197.672)
0.000217128   (-2.33128 4.6365 198.253)
0.000218001   (-2.51667 5.55421 199.857)
0.000218875   (-2.41967 6.45545 202.337)
0.000219746   (-1.85102 7.14001 205.366)
0.000220613   (-0.899297 7.35636 208.533)
0.000221477   (0.157976 6.93055 211.268)
0.000222338   (1.08047 5.90029 213.234)
0.000223197   (1.75595 4.56837 214.51)
0.000224054   (2.17911 3.20651 215.262)
0.000224909   (2.35397 2.09304 215.703)
0.000225764   (2.28362 1.31578 215.978)
0.000226617   (1.9761 0.823135 216.141)
0.00022747    (1.45449 0.495907 216.169)
0.000228322   (0.786352 0.228962 216.034)
0.000229175   (0.122921 -0.038234 215.706)
0.000230029   (-0.389532 -0.353495 215.18)
0.000230884   (-0.630074 -0.761429 214.476)
0.00023174    (-0.536632 -1.30234 213.623)
0.000232595   (-0.131061 -1.97454 212.684)
0.000233452   (0.463482 -2.70704 211.762)
0.000234309   (1.09679 -3.36259 210.897)
0.000235166   (1.66613 -3.72534 210.131)
0.000236025   (2.15617 -3.64071 209.41)
0.000236885   (2.58675 -3.04343 208.737)
0.000237747   (2.96694 -1.99035 207.987)
0.000238611   (3.25672 -0.674871 207.237)
0.000239473   (3.39704 0.707209 206.522)
0.00024033    (3.35175 1.95618 205.877)
0.000241182   (3.14905 2.97563 205.313)
0.000242028   (2.83634 3.73285 204.804)
0.00024287    (2.45363 4.22386 204.338)
0.000243709   (2.02366 4.46795 203.912)
0.000244548   (1.5655 4.49183 203.559)
0.000245388   (1.10438 4.32615 203.287)
0.000246232   (0.673775 4.0046 203.114)
0.00024708    (0.308141 3.56247 203.066)
0.000247934   (0.0320295 3.04228 203.161)
0.000248796   (-0.149321 2.49507 203.417)
0.000249657   (-0.247908 1.98281 203.832)
0.000250514   (-0.301818 1.55546 204.385)
0.000251369   (-0.350938 1.22722 205.019)
0.00025222    (-0.423205 0.971872 205.663)
0.000253069   (-0.531602 0.737335 206.222)
0.000253917   (-0.668966 0.482709 206.627)
0.000254762   (-0.817102 0.198486 206.802)
0.000255607   (-0.94644 -0.0936525 206.692)
0.000256452   (-1.0258 -0.353454 206.29)
0.000257296   (-1.03687 -0.544492 205.587)
0.000258141   (-0.970617 -0.631282 204.598)
0.000258986   (-0.841102 -0.588696 203.354)
0.000259833   (-0.66871 -0.395581 201.896)
0.000260682   (-0.476599 -0.0396264 200.254)
0.000261532   (-0.290238 0.484489 198.479)
0.000262384   (-0.135896 1.16554 196.616)
0.000263234   (-0.0420762 1.96744 194.732)
0.000264082   (-0.0367008 2.86302 192.873)
0.000264928   (-0.146989 3.81546 191.073)
0.000265772   (-0.392011 4.77171 189.357)
0.000266614   (-0.768483 5.66386 187.749)
0.000267455   (-1.23868 6.42637 186.273)
0.000268294   (-1.73243 7.01827 184.959)
0.000269132   (-2.15762 7.43471 183.835)
0.000269969   (-2.44044 7.7128 182.911)
0.000270806   (-2.51948 7.91406 182.176)
0.000271643   (-2.40408 8.09926 181.604)
0.000272479   (-2.15012 8.30345 181.174)
0.000273316   (-1.83925 8.5251 180.893)
0.000274154   (-1.55259 8.739 180.791)
0.000274992   (-1.34525 8.9069 180.939)
0.00027583    (-1.2341 8.96273 181.408)
0.00027667    (-1.19014 8.8688 182.339)
0.000277511   (-1.15384 8.62059 183.791)
0.000278353   (-1.02176 8.29933 185.865)
0.000279196   (-0.660724 8.03747 188.654)
0.00028004    (0.0224803 7.96249 192.121)
0.000280886   (0.978862 8.08234 196.017)
0.000281734   (1.95756 8.15048 199.88)
0.000282583   (2.67502 7.99072 203.43)
0.000283434   (2.87983 7.45025 205.544)
0.000284287   (2.52229 6.63643 206.471)
0.000285141   (1.59248 5.47272 206.222)
0.000285997   (0.248562 4.04931 205.029)
0.000286855   (-1.26984 2.43876 203.222)
0.000287714   (-2.71427 0.779353 201.167)
0.000288576   (-3.94003 -0.7291 199.212)
0.00028944    (-4.89511 -1.88109 197.585)
0.000290306   (-5.60425 -2.61306 196.395)
0.000291174   (-6.13407 -2.95362 195.657)
0.000292044   (-6.51709 -2.95431 195.3)
0.000292916   (-6.77348 -2.73242 195.406)
0.000293786   (-6.89187 -2.4244 195.875)
0.000294654   (-6.87853 -2.16859 196.733)
0.000295519   (-6.71505 -2.09433 197.974)
0.000296382   (-6.40306 -2.23444 199.538)
0.000297243   (-5.95454 -2.51105 201.324)
0.000298103   (-5.37528 -2.79125 203.185)
0.000298962   (-4.69088 -2.9188 204.916)
0.00029982    (-3.94234 -2.80901 206.374)
0.000300678   (-3.20894 -2.46187 207.402)
0.000301536   (-2.51515 -1.93938 208.076)
0.000302398   (-1.90486 -1.31424 208.45)
0.000303266   (-1.38411 -0.663436 208.622)
0.000304137   (-0.950143 -0.0151838 208.667)
0.000305008   (-0.608787 0.600624 208.625)
0.000305879   (-0.363695 1.17811 208.522)
0.00030675    (-0.200413 1.71596 208.407)
0.00030762    (-0.114089 2.21793 208.276)
0.000308489   (-0.106295 2.69088 208.142)
0.000309357   (-0.186648 3.14046 208.003)
0.000310225   (-0.361826 3.56623 207.85)
0.000311093   (-0.635477 3.95585 207.67)
0.000311961   (-0.996046 4.28041 207.449)
0.00031283    (-1.41103 4.50149 207.17)
0.0003137     (-1.83512 4.57428 206.829)
0.00031457    (-2.21456 4.46413 206.44)
0.00031544    (-2.50155 4.1739 206.014)
0.00031631    (-2.66932 3.72969 205.581)
0.00031718    (-2.70827 3.17101 205.178)
0.000318049   (-2.64127 2.53285 204.84)
0.000318919   (-2.50707 1.83538 204.591)
0.000319789   (-2.34512 1.08872 204.423)
0.000320659   (-2.17349 0.318954 204.309)
0.000321528   (-1.99 -0.41916 204.195)
0.000322398   (-1.77918 -1.05192 204.036)
0.000323268   (-1.50096 -1.50618 203.77)
0.000324138   (-1.13206 -1.72281 203.314)
0.000325007   (-0.687301 -1.68561 202.72)
0.000325877   (-0.18706 -1.38171 201.991)
0.000326747   (0.308138 -0.870342 201.189)
0.000327617   (0.734554 -0.237604 200.382)
0.000328487   (1.03549 0.440771 199.637)
0.000329357   (1.18391 1.10634 199.054)
0.000330228   (1.18115 1.72569 198.724)
0.000331098   (1.05096 2.28425 198.719)
0.000331969   (0.830557 2.7681 199.039)
0.00033284    (0.563626 3.13985 199.768)
0.000333712   (0.260138 3.28586 200.721)
0.000334583   (-0.0576127 3.08569 201.758)
0.000335455   (-0.384887 2.39221 202.682)
0.000336325   (-0.716462 1.18637 203.321)
0.00033719    (-1.02827 -0.338378 203.635)
0.000338049   (-1.28367 -1.87275 203.744)
0.000338903   (-1.46708 -3.10745 203.821)
0.000339752   (-1.58602 -3.87172 204)
0.000340599   (-1.67236 -4.17406 204.354)
0.000341444   (-1.75458 -4.14578 204.871)
0.00034229    (-1.84844 -3.96977 205.487)
0.000343137   (-1.94855 -3.81577 206.123)
0.000343986   (-2.03412 -3.79084 206.706)
0.000344835   (-2.07746 -3.92607 207.182)
0.000345681   (-2.05305 -4.19289 207.52)
0.000346528   (-1.94392 -4.5323 207.712)
0.000347375   (-1.74191 -4.87896 207.772)
0.000348224   (-1.4476 -5.17736 207.725)
0.000349076   (-1.06879 -5.39277 207.608)
0.000349931   (-0.620597 -5.51683 207.46)
0.00035079    (-0.125521 -5.5521 207.334)
0.000351654   (0.384823 -5.52415 207.242)
0.000352523   (0.868252 -5.45028 207.182)
0.000353395   (1.26849 -5.31527 207.158)
0.000354267   (1.55457 -5.1155 207.117)
0.000355138   (1.6854 -4.84016 207.007)
0.00035601    (1.6496 -4.47691 206.774)
0.000356882   (1.45456 -4.02168 206.378)
0.000357754   (1.12622 -3.47696 205.802)
0.000358626   (0.70135 -2.84977 205.036)
0.000359499   (0.223143 -2.1654 204.09)
0.000360372   (-0.265656 -1.45004 202.992)
0.000361245   (-0.726561 -0.735231 201.789)
0.000362117   (-1.12864 -0.053731 200.542)
0.00036299    (-1.4586 0.565333 199.313)
0.000363863   (-1.71041 1.1008 198.163)
0.000364735   (-1.88222 1.53869 197.138)
0.000365607   (-1.97479 1.87531 196.262)
0.000366478   (-1.99967 2.11517 195.547)
0.000367349   (-1.9595 2.26822 194.988)
0.00036822    (-1.85295 2.35041 194.574)
0.000369091   (-1.67373 2.3823 194.286)
0.000369962   (-1.41418 2.3808 194.109)
0.000370833   (-1.07296 2.36726 194.039)
0.000371703   (-0.659443 2.35828 194.076)
0.000372574   (-0.198263 2.36247 194.221)
0.000373445   (0.276761 2.37975 194.504)
0.000374316   (0.725628 2.40509 194.912)
0.000375187   (1.12531 2.42853 195.457)
0.000376059   (1.46791 2.438 196.128)
0.000376932   (1.75904 2.42581 196.896)
0.000377805   (2.00858 2.38595 197.725)
0.00037868    (2.22388 2.32302 198.582)
0.000379557   (2.4097 2.25888 199.444)
0.000380435   (2.56915 2.22378 200.297)
0.000381317   (2.70779 2.24656 201.143)
0.000382198   (2.83043 2.3457 201.98)
0.000383078   (2.93975 2.51778 202.815)
0.000383957   (3.03239 2.73429 203.647)
0.000384836   (3.09133 2.94479 204.463)
0.000385714   (3.09038 3.08707 205.238)
0.000386591   (3.00319 3.10298 205.939)
0.000387468   (2.80812 2.95181 206.525)
0.000388344   (2.50372 2.62215 206.959)
0.00038922    (2.1124 2.131 207.25)
0.000390095   (1.67707 1.54259 207.362)
0.00039097    (1.24884 0.912828 207.38)
0.000391844   (0.871006 0.310311 207.354)
0.000392718   (0.569117 -0.215018 207.322)
0.000393592   (0.359439 -0.63238 207.309)
0.000394465   (0.258466 -0.928716 207.306)
0.000395339   (0.284322 -1.10294 207.285)
0.000396213   (0.459594 -1.16463 207.205)
0.000397087   (0.79071 -1.13452 207.037)
0.00039796    (1.27253 -1.0449 206.766)
0.000398834   (1.8919 -0.93807 206.402)
0.000399708   (2.6273 -0.859499 205.964)
0.000400582   (3.44234 -0.844435 205.488)
0.000401456   (4.28631 -0.904433 205.014)
0.00040233    (5.09901 -1.02701 204.571)
0.000403204   (5.81709 -1.17721 204.164)
0.000404079   (6.38219 -1.31325 203.781)
0.000404953   (6.74957 -1.40265 203.398)
0.000405827   (6.89325 -1.43728 202.984)
0.000406702   (6.81237 -1.43289 202.512)
0.000407577   (6.52518 -1.41409 201.962)
0.000408452   (6.06724 -1.40049 201.335)
0.000409327   (5.4962 -1.39826 200.643)
0.000410202   (4.87787 -1.40505 199.908)
0.000411078   (4.27538 -1.41129 199.152)
0.000411955   (3.73655 -1.40378 198.391)
0.000412832   (3.30975 -1.36724 197.632)
0.000413709   (3.02175 -1.28373 196.874)
0.000414587   (2.89094 -1.14034 196.102)
0.000415466   (2.92009 -0.912275 195.294)
0.000416345   (3.09298 -0.579969 194.429)
0.000417225   (3.37698 -0.146429 193.493)
0.000418105   (3.73323 0.357927 192.498)
0.000418984   (4.12203 0.877739 191.477)
0.000419863   (4.49581 1.35038 190.478)
0.000420742   (4.80929 1.72244 189.56)
0.000421621   (5.03563 1.96765 188.793)
0.0004225     (5.1808 2.08355 188.246)
0.000423378   (5.26769 2.08224 187.992)
0.000424257   (5.31744 1.98542 188.087)
0.000425136   (5.33976 1.83179 188.677)
0.000426015   (5.3263 1.68784 189.778)
0.000426895   (5.25253 1.64024 191.46)
0.000427775   (5.1079 1.75742 193.713)
0.000428656   (4.88113 2.02742 196.468)
0.000429537   (4.56589 2.34869 199.578)
0.000430419   (4.18569 2.51762 202.799)
0.000431302   (3.78962 2.32668 205.822)
0.000432185   (3.48877 1.65655 208.404)
0.000433068   (3.29746 0.550301 210.319)
0.00043395    (3.21309 -0.773697 211.709)
0.000434832   (3.16589 -2.04646 212.639)
0.000435714   (3.08723 -3.06135 213.278)
0.000436593   (2.93284 -3.81737 213.726)
0.00043747    (2.68161 -4.28761 214.045)
0.000438344   (2.32808 -4.48981 214.241)
0.000439216   (1.87491 -4.46342 214.312)
0.000440087   (1.328 -4.23999 214.247)
0.000440957   (0.684965 -3.85174 214.043)
0.000441827   (-0.0455804 -3.32936 213.713)
0.000442697   (-0.822702 -2.71543 213.269)
0.000443567   (-1.6117 -2.05659 212.747)
0.000444438   (-2.37269 -1.38917 212.209)
0.000445309   (-3.07985 -0.758371 211.682)
0.00044618    (-3.71313 -0.191566 211.202)
0.00044705    (-4.26627 0.284695 210.791)
0.00044792    (-4.73337 0.644569 210.458)
0.000448789   (-5.10716 0.869181 210.204)
0.000449657   (-5.38832 0.953824 210.036)
0.000450525   (-5.58329 0.908737 209.966)
0.000451391   (-5.6979 0.746808 210.006)
0.000452258   (-5.73203 0.465717 210.153)
0.000453124   (-5.68006 0.0427415 210.389)
0.00045399    (-5.53395 -0.553256 210.68)
0.000454857   (-5.31373 -1.3308 211.022)
0.000455723   (-5.0481 -2.26693 211.405)
0.00045659    (-4.78598 -3.28059 211.85)
0.000457456   (-4.53959 -4.25924 212.382)
0.000458318   (-4.29096 -5.07948 212.96)
0.000459179   (-3.96833 -5.63524 213.51)
0.000460037   (-3.46305 -5.82953 213.911)
0.000460893   (-2.66748 -5.59501 214.05)
0.000461747   (-1.51835 -4.90404 213.847)
0.000462599   (-0.0556574 -3.79391 213.319)
0.00046345    (1.54704 -2.38523 212.586)
0.0004643     (3.03595 -0.881482 211.723)
0.00046515    (4.17029 0.522705 211.127)
0.000466      (4.78558 1.69636 210.721)
0.00046685    (4.87596 2.59117 210.463)
0.0004677     (4.44448 3.24587 210.369)
0.00046855    (3.53715 3.65826 210.445)
0.000469401   (2.25863 3.79838 210.688)
0.000470252   (0.770157 3.61971 211.167)
0.000471104   (-0.731981 3.0863 211.506)
0.000471957   (-2.00271 2.251 211.773)
0.000472812   (-3.02757 1.23444 211.807)
0.000473667   (-3.74085 0.195914 211.621)
0.000474525   (-4.17756 -0.753782 211.225)
0.000475383   (-4.38853 -1.53801 210.674)
0.000476243   (-4.43034 -2.1085 210.014)
0.000477104   (-4.34301 -2.48079 209.276)
0.000477967   (-4.14857 -2.71423 208.472)
0.000478831   (-3.84949 -2.86519 207.606)
0.000479695   (-3.45206 -2.96748 206.694)
0.000480559   (-2.96265 -3.03489 205.757)
0.000481423   (-2.39239 -3.06736 204.824)
0.000482287   (-1.75711 -3.05269 203.91)
0.000483148   (-1.07652 -2.97909 203.043)
0.000484006   (-0.370813 -2.8416 202.243)
0.000484862   (0.347966 -2.64937 201.52)
0.000485717   (1.08466 -2.4323 200.867)
0.000486572   (1.86086 -2.2373 200.252)
0.000487427   (2.70461 -2.10662 199.632)
0.000488283   (3.64025 -2.07742 198.957)
0.000489138   (4.65738 -2.17956 198.193)
0.000489993   (5.69201 -2.43674 197.332)
0.000490853   (6.63947 -2.83767 196.371)
0.000491716   (7.32902 -3.33722 195.441)
0.000492579   (7.65201 -3.86829 194.69)
0.000493442   (7.54368 -4.36097 194.248)
0.000494305   (7.04625 -4.74517 194.289)
0.000495168   (6.27511 -4.95721 194.906)
0.000496031   (5.37903 -4.97196 196.056)
0.000496883   (4.5114 -4.87941 197.587)
0.000497726   (3.78075 -4.69448 199.241)
0.000498568   (3.19284 -4.5229 200.83)
0.00049941    (2.82961 -4.42572 202.176)
0.000500254   (2.67877 -4.39172 203.261)
0.000501102   (2.73456 -4.35719 203.721)
0.00050195    (2.97935 -4.27762 203.856)
0.000502797   (3.36484 -4.09836 203.631)
0.000503644   (3.81871 -3.80492 203.131)
0.000504492   (4.25371 -3.39798 202.411)
0.000505342   (4.58475 -2.90084 201.63)
0.000506191   (4.73472 -2.31482 200.812)
0.00050704    (4.64824 -1.66167 200.016)
0.00050789    (4.29421 -0.939689 199.302)
0.00050874    (3.6845 -0.126001 198.713)
0.000509592   (2.9017 0.801502 198.202)
0.000510445   (2.05168 1.8524 197.836)
0.0005113     (1.15374 3.02313 197.588)
0.000512159   (0.241804 4.2721 197.443)
0.00051302    (-0.699314 5.49635 197.379)
0.00051388    (-1.62455 6.63848 197.385)
0.000514738   (-2.46396 7.647 197.449)
0.000515595   (-3.13712 8.47778 197.549)
0.000516449   (-3.58856 9.06088 197.663)
0.000517301   (-3.81746 9.289 197.827)
0.000518152   (-3.82506 9.11052 197.935)
0.000519001   (-3.65472 8.50521 197.984)
0.000519849   (-3.35437 7.56356 197.931)
0.000520697   (-2.97551 6.43059 197.778)
0.000521543   (-2.55611 5.26346 197.432)
0.00052239    (-2.11488 4.13979 196.926)
0.000523236   (-1.65618 3.11855 196.235)
0.00052408    (-1.15165 2.20602 195.383)
0.000524924   (-0.569705 1.39714 194.405)
0.000525768   (0.107483 0.674142 193.342)
0.000526612   (0.872111 -0.00695292 192.238)
0.000527456   (1.67837 -0.675063 191.137)
0.0005283     (2.45581 -1.31983 190.079)
0.000529145   (3.13705 -1.90371 189.133)
0.000529991   (3.68477 -2.3753 188.333)
0.000530838   (4.10502 -2.67408 187.714)
0.000531686   (4.44258 -2.74289 187.301)
0.000532534   (4.76488 -2.5431 187.106)
0.000533381   (5.12195 -2.06322 187.134)
0.00053423    (5.52789 -1.33351 187.401)
0.000535079   (5.94403 -0.416202 187.947)
0.000535928   (6.30717 0.581381 188.801)
0.000536779   (6.57575 1.50869 190.083)
0.00053763    (6.70641 2.18867 191.824)
0.000538482   (6.69972 2.4457 194.005)
0.000539335   (6.6115 2.20904 196.516)
0.000540188   (6.52601 1.57821 199.132)
0.000541041   (6.49951 0.843013 201.565)
0.000541893   (6.51246 0.38201 203.556)
0.000542746   (6.48458 0.498596 204.946)
0.000543598   (6.36457 1.27713 205.668)
0.00054445    (6.20311 2.58161 205.841)
0.000545303   (6.12341 4.14922 205.6)
0.000546157   (6.25135 5.68885 205.149)
0.000547011   (6.65954 6.97395 204.592)
0.000547867   (7.34316 7.86697 204.037)
0.000548724   (8.22495 8.32698 203.544)
0.000549583   (9.16194 8.37556 203.154)
0.000550444   (9.95981 8.07754 202.895)
0.000551307   (10.4123 7.51855 202.783)
0.00055217    (10.3719 6.77705 202.812)
0.000553036   (9.8117 5.91647 202.891)
0.000553902   (8.83926 4.98988 202.908)
0.000554771   (7.64425 4.04132 202.802)
0.000555639   (6.39795 3.06722 202.506)
0.000556507   (5.20772 2.08478 202.002)
0.000557376   (4.10143 1.10826 201.384)
0.000558244   (3.08165 0.176633 200.7)
0.000559113   (2.14883 -0.646999 200.046)
0.000559982   (1.31278 -1.30324 199.492)
0.000560851   (0.592968 -1.76418 199.096)
0.000561719   (0.0116234 -2.06382 198.831)
0.000562586   (-0.407386 -2.22128 198.654)
0.000563452   (-0.653222 -2.28735 198.53)
0.000564318   (-0.724196 -2.30704 198.456)
0.000565183   (-0.635497 -2.30675 198.452)
0.000566048   (-0.42796 -2.30502 198.545)
0.000566911   (-0.126375 -2.30745 198.794)
0.000567775   (0.205029 -2.31476 199.234)
0.000568638   (0.476386 -2.30237 199.874)
0.000569502   (0.622949 -2.23097 200.708)
0.000570365   (0.610845 -2.05736 201.716)
0.00057123    (0.435364 -1.74781 202.867)
0.000572094   (0.159133 -1.31248 204.135)
0.00057296    (-0.129035 -0.797654 205.476)
0.000573826   (-0.343756 -0.290597 206.847)
0.000574694   (-0.433317 0.141688 208.241)
0.000575564   (-0.388669 0.45546 209.599)
0.000576435   (-0.247345 0.663993 210.86)
0.000577307   (-0.0408802 0.814847 211.961)
0.000578182   (0.177129 0.964227 212.844)
0.000579058   (0.381411 1.14332 213.464)
0.000579935   (0.54993 1.34336 213.8)
0.000580812   (0.670991 1.53164 213.855)
0.00058169    (0.740978 1.67561 213.646)
0.000582569   (0.753882 1.7482 213.218)
0.000583447   (0.699363 1.72904 212.63)
0.000584326   (0.569489 1.60538 211.949)
0.000585204   (0.36715 1.37545 211.242)
0.000586082   (0.110299 1.0449 210.558)
0.00058696    (-0.168625 0.627984 209.931)
0.000587838   (-0.433239 0.150804 209.381)
0.000588716   (-0.642165 -0.351573 208.917)
0.000589593   (-0.761648 -0.835744 208.554)
0.00059047    (-0.778922 -1.26252 208.311)
0.000591347   (-0.704718 -1.59095 208.188)
0.000592223   (-0.564866 -1.80051 208.181)
0.000593097   (-0.400028 -1.89556 208.298)
0.000593971   (-0.25581 -1.90764 208.538)
0.000594843   (-0.165285 -1.87965 208.916)
0.000595714   (-0.148613 -1.85404 209.452)
0.000596584   (-0.219961 -1.85723 210.162)
0.000597453   (-0.374614 -1.88838 211.029)
0.000598322   (-0.615747 -1.92604 212.005)
0.00059919    (-0.938215 -1.91659 213.004)
0.000600059   (-1.3376 -1.80927 213.93)
0.000600927   (-1.78593 -1.58463 214.733)
0.000601795   (-2.25109 -1.26808 215.372)
0.000602663   (-2.71386 -0.907716 215.863)
0.000603531   (-3.1443 -0.568692 216.259)
0.000604398   (-3.52644 -0.3261 216.61)
0.000605266   (-3.82687 -0.236372 216.954)
0.000606134   (-4.00233 -0.343706 217.294)
0.000607002   (-4.00445 -0.66005 217.604)
0.00060787    (-3.79416 -1.16463 217.847)
0.000608739   (-3.37953 -1.81326 217.993)
0.000609609   (-2.80625 -2.53866 218.026)
0.000610478   (-2.14161 -3.27496 217.964)
0.000611349   (-1.4551 -3.94931 217.83)
0.00061222    (-0.801906 -4.50357 217.655)
0.000613092   (-0.220681 -4.91086 217.479)
0.000613964   (0.269098 -5.16605 217.305)
0.000614838   (0.659257 -5.29378 217.145)
0.000615712   (0.936948 -5.33045 217.011)
0.000616586   (1.09244 -5.32089 216.925)
0.00061746    (1.12403 -5.30653 216.893)
0.000618333   (1.03255 -5.31634 216.917)
0.000619206   (0.831269 -5.36369 217.004)
0.000620078   (0.544257 -5.4527 217.139)
0.00062095    (0.207221 -5.57251 217.284)
0.000621823   (-0.120956 -5.71076 217.397)
0.000622694   (-0.380427 -5.84654 217.439)
0.000623565   (-0.508867 -5.96163 217.366)
0.000624435   (-0.459121 -6.00394 217.136)
0.000625304   (-0.218589 -5.9335 216.705)
0.000626172   (0.189115 -5.69939 216.021)
0.00062704    (0.704662 -5.25047 215.043)
0.000627908   (1.24372 -4.53785 213.741)
0.000628775   (1.70444 -3.52654 212.109)
0.000629642   (1.9762 -2.21432 210.174)
0.000630509   (1.94631 -0.653848 207.992)
0.000631375   (1.52537 1.0345 205.646)
0.000632242   (0.683391 2.6967 203.246)
0.000633107   (-0.495515 4.23209 200.895)
0.000633973   (-1.846 5.63015 198.659)
0.000634839   (-3.14636 6.92327 196.591)
0.000635705   (-4.21125 8.16476 194.735)
0.00063657    (-4.93656 9.34604 193.159)
0.000637436   (-5.29624 10.3577 191.955)
0.000638302   (-5.28444 10.9809 191.155)
0.000639168   (-4.91884 10.9618 190.865)
0.000640034   (-4.20326 10.0691 191.122)
0.0006409     (-3.25194 8.24706 191.865)
0.000641766   (-2.39931 5.71347 193.226)
0.000642633   (-2.04162 2.93079 195.312)
0.000643499   (-2.31892 0.386901 198.11)
0.000644366   (-2.85194 -1.68224 201.29)
0.000645232   (-3.14426 -3.21373 204.599)
0.000646099   (-2.92106 -4.21461 207.202)
0.000646965   (-2.26563 -4.85693 209.03)
0.000647832   (-1.4143 -5.20065 210.252)
0.000648699   (-0.521906 -5.26585 210.989)
0.000649566   (0.268668 -5.10588 211.387)
0.000650433   (0.895026 -4.80602 211.544)
0.0006513     (1.34121 -4.4611 211.594)
0.000652168   (1.61223 -4.12346 211.568)
0.000653036   (1.73436 -3.81132 211.518)
0.000653904   (1.74016 -3.53993 211.491)
0.000654773   (1.66424 -3.30798 211.51)
0.000655642   (1.55134 -3.1127 211.589)
0.000656512   (1.42811 -2.95592 211.734)
0.000657382   (1.32415 -2.8332 211.938)
0.000658252   (1.25824 -2.75409 212.198)
0.000659121   (1.22914 -2.71177 212.47)
0.000659991   (1.22919 -2.69209 212.738)
0.00066086    (1.2389 -2.69033 212.969)
0.000661729   (1.24459 -2.704 213.138)
0.000662598   (1.23486 -2.72601 213.237)
0.000663468   (1.21063 -2.73878 213.249)
0.000664337   (1.17757 -2.73531 213.175)
0.000665206   (1.14526 -2.70629 213.021)
0.000666075   (1.12477 -2.64638 212.794)
0.000666945   (1.1264 -2.55333 212.494)
0.000667814   (1.15586 -2.43185 212.117)
0.000668684   (1.21651 -2.28956 211.659)
0.000669554   (1.29126 -2.13252 211.116)
0.000670425   (1.35407 -1.97177 210.479)
0.000671295   (1.37564 -1.81918 209.77)
0.000672165   (1.33 -1.6914 208.98)
0.000673036   (1.19372 -1.60633 208.125)
0.000673906   (0.965367 -1.57661 207.237)
0.000674776   (0.649712 -1.60332 206.34)
0.000675646   (0.270479 -1.67173 205.492)
0.000676516   (-0.138008 -1.7426 204.737)
0.000677385   (-0.547362 -1.7495 204.104)
0.000678253   (-0.926362 -1.63671 203.61)
0.000679121   (-1.2439 -1.31877 203.244)
0.000679988   (-1.49554 -0.751939 202.979)
0.000680855   (-1.69663 0.0683947 202.791)
0.000681722   (-1.87943 1.09379 202.639)
0.000682588   (-2.06159 2.24466 202.532)
0.000683455   (-2.23216 3.42747 202.479)
0.000684321   (-2.35726 4.56792 202.466)
0.000685188   (-2.42113 5.61514 202.646)
0.000686053   (-2.39204 6.51797 202.971)
0.000686917   (-2.25369 7.25641 203.498)
0.00068778    (-2.03794 7.79612 204.214)
0.000688641   (-1.76786 8.10689 205.065)
0.000689501   (-1.50592 8.16511 205.965)
0.000690359   (-1.29472 7.9736 206.81)
0.000691216   (-1.14728 7.55502 207.566)
0.000692072   (-1.02846 6.94982 208.07)
0.000692927   (-0.895702 6.25208 208.385)
0.000693781   (-0.688655 5.48593 208.537)
0.000694635   (-0.402238 4.70931 208.527)
0.000695487   (-0.0290031 3.95577 208.383)
0.000696339   (0.409606 3.23407 208.12)
0.000697189   (0.872011 2.53908 207.745)
0.000698039   (1.32551 1.86485 207.275)
0.000698889   (1.74943 1.21244 206.729)
0.000699737   (2.13298 0.589112 206.126)
0.000700585   (2.4715 0.00271565 205.486)
0.000701433   (2.75872 -0.536559 204.836)
0.00070228    (2.98402 -1.02028 204.214)
0.000703127   (3.1398 -1.4494 203.662)
0.000703973   (3.21645 -1.82544 203.217)
0.000704819   (3.21108 -2.15337 202.922)
0.000705666   (3.12185 -2.42994 202.796)
0.000706512   (2.9465 -2.65367 202.893)
0.000707358   (2.67921 -2.83114 203.186)
0.000708206   (2.32872 -2.97394 203.646)
0.000709053   (1.89431 -3.1051 204.219)
0.000709902   (1.38457 -3.25172 204.822)
0.000710752   (0.815545 -3.42516 205.381)
0.000711603   (0.21581 -3.63181 205.842)
0.000712457   (-0.377002 -3.84231 206.138)
0.000713312   (-0.919156 -4.01662 206.318)
0.00071417    (-1.35961 -4.12107 206.395)
0.00071503    (-1.65943 -4.12714 206.404)
0.000715893   (-1.77427 -4.02711 206.374)
0.000716758   (-1.675 -3.82284 206.309)
0.000717623   (-1.35637 -3.53042 206.205)
0.000718485   (-0.858267 -3.18534 206.089)
0.000719344   (-0.261052 -2.83753 205.97)
0.000720202   (0.321055 -2.53581 205.894)
0.000721058   (0.771839 -2.31249 205.908)
0.000721913   (1.008 -2.16305 206.053)
0.000722767   (1.00958 -2.04951 206.353)
0.000723622   (0.819057 -1.91446 206.805)
0.000724477   (0.514237 -1.69863 207.387)
0.000725333   (0.176397 -1.35335 208.079)
0.00072619    (-0.136704 -0.852969 208.876)
0.00072705    (-0.414294 -0.20192 209.805)
0.000727912   (-0.689271 0.551768 210.899)
0.000728778   (-1.0271 1.33576 212.192)
0.000729646   (-1.46036 2.06256 213.699)
0.000730518   (-1.95636 2.6024 215.417)
0.00073139    (-2.42595 2.80481 217.215)
0.000732263   (-2.70452 2.49453 218.948)
0.000733136   (-2.60647 1.53502 220.388)
0.00073401    (-1.97654 -0.10565 221.279)
0.000734884   (-0.810677 -2.26231 221.445)
0.000735758   (0.627091 -4.54203 220.908)
0.000736632   (2.01472 -6.54451 219.821)
0.000737504   (2.97048 -7.85612 218.358)
0.000738371   (3.29108 -8.29235 216.679)
0.000739234   (2.93894 -7.8991 214.951)
0.000740095   (2.06709 -6.9324 213.326)
0.000740956   (0.947259 -5.75559 212.073)
0.000741819   (-0.129092 -4.59848 211.391)
0.000742685   (-0.944627 -3.63473 211.31)
0.000743549   (-1.436 -2.92615 211.706)
0.000744413   (-1.65554 -2.45352 212.341)
0.000745277   (-1.67981 -2.17187 213.028)
0.000746142   (-1.56007 -2.04498 213.658)
0.000747009   (-1.36344 -2.0332 214.183)
0.000747878   (-1.13944 -2.10689 214.593)
0.000748747   (-0.919618 -2.23809 214.901)
0.000749616   (-0.719283 -2.39804 215.115)
0.000750485   (-0.538133 -2.56504 215.229)
0.000751355   (-0.366805 -2.71735 215.215)
0.000752223   (-0.180711 -2.8312 215.026)
0.000753092   (0.035794 -2.88341 214.608)
0.000753961   (0.299061 -2.85988 213.898)
0.000754829   (0.63381 -2.75754 212.846)
0.000755698   (1.08284 -2.60074 211.428)
0.000756566   (1.71058 -2.4402 209.633)
0.000757435   (2.59233 -2.34125 207.496)
0.000758303   (3.79122 -2.35705 205.07)
0.000759172   (5.32365 -2.50259 202.442)
0.00076004    (7.06649 -2.72284 199.688)
0.000760908   (8.77824 -2.89348 197.004)
0.000761777   (10.1005 -2.86012 194.466)
0.000762645   (10.747 -2.47518 192.404)
0.000763515   (10.4279 -1.65915 191.006)
0.000764384   (9.29731 -0.546266 190.53)
0.00076525    (7.93146 0.707228 191.317)
0.000766115   (6.98141 1.7729 193.372)
0.000766979   (6.66464 2.3853 196.406)
0.00076784    (6.69361 2.47918 199.769)
0.000768701   (6.70914 2.19808 202.817)
0.000769561   (6.50619 1.74239 205.165)
0.000770419   (5.98324 1.25434 206.771)
0.000771278   (5.12827 0.785138 207.808)
0.000772135   (4.02742 0.318727 208.48)
0.000772993   (2.82761 -0.145804 208.985)
0.000773851   (1.67988 -0.613713 209.481)
0.000774708   (0.693181 -1.02559 210.06)
0.000775566   (-0.066661 -1.33583 210.743)
0.000776424   (-0.598424 -1.5056 211.486)
0.000777282   (-0.932175 -1.49924 212.225)
0.000778141   (-1.10676 -1.3249 212.883)
0.000779      (-1.16351 -1.00731 213.42)
0.000779859   (-1.14599 -0.629066 213.791)
0.000780719   (-1.09258 -0.28556 213.991)
0.000781579   (-1.03313 -0.0754186 214.053)
0.000782439   (-0.980735 -0.0801282 214.01)
0.0007833     (-0.944241 -0.346873 213.895)
0.00078416    (-0.947173 -0.874171 213.733)
0.000785019   (-1.02359 -1.61252 213.549)
0.000785877   (-1.20722 -2.47664 213.374)
0.000786734   (-1.50443 -3.35938 213.202)
0.000787591   (-1.88414 -4.15015 213.047)
0.000788448   (-2.30497 -4.73719 212.909)
0.000789304   (-2.70129 -5.05565 212.841)
0.000790161   (-3.04356 -5.04463 212.754)
0.000791018   (-3.30107 -4.71815 212.647)
0.000791874   (-3.468 -4.07387 212.533)
0.000792729   (-3.53504 -3.15603 212.375)
0.000793582   (-3.53452 -2.0565 212.171)
0.000794433   (-3.47465 -0.890639 211.914)
0.000795283   (-3.36678 0.233181 211.594)
0.000796133   (-3.22593 1.2307 211.204)
0.000796982   (-3.06155 2.05162 210.747)
0.00079783    (-2.8768 2.68053 210.232)
0.000798678   (-2.68279 3.10454 209.67)
0.000799526   (-2.48943 3.30462 209.068)
0.000800374   (-2.28867 3.25541 208.452)
0.000801221   (-2.0452 2.92785 207.853)
0.000802069   (-1.69764 2.32162 207.322)
0.000802917   (-1.1788 1.49313 206.933)
0.000803765   (-0.443039 0.563495 206.715)
0.000804614   (0.484342 -0.330918 206.891)
0.000805463   (1.50584 -1.03744 207.368)
0.000806312   (2.45927 -1.44436 208.179)
0.000807162   (3.25037 -1.54112 209.205)
0.000808012   (3.78921 -1.38054 210.245)
0.000808863   (4.06887 -1.06383 211.099)
0.000809714   (4.1019 -0.687263 211.618)
0.000810566   (3.93146 -0.339184 211.77)
0.000811418   (3.5932 -0.0449601 211.522)
0.000812271   (3.12699 0.179158 210.948)
0.000813125   (2.58752 0.322569 210.16)
0.000813979   (2.01233 0.398633 209.242)
0.000814834   (1.43183 0.42797 208.263)
0.00081569    (0.866365 0.430254 207.284)
0.000816546   (0.33336 0.419464 206.353)
0.000817403   (-0.162725 0.405473 205.471)
0.000818262   (-0.630321 0.396942 204.621)
0.00081912    (-1.07746 0.404454 203.776)
0.000819977   (-1.51912 0.44186 202.919)
0.000820835   (-1.97749 0.523802 202.038)
0.000821692   (-2.47197 0.666237 201.152)
0.000822549   (-3.01795 0.881646 200.305)
0.000823405   (-3.61567 1.17812 199.567)
0.000824262   (-4.24928 1.55997 199.022)
0.000825118   (-4.88276 2.01965 198.767)
0.000825974   (-5.44827 2.52854 198.88)
0.000826829   (-5.85262 3.01794 199.439)
0.000827685   (-5.97621 3.42453 200.389)
0.00082854    (-5.68178 3.72003 201.777)
0.000829395   (-4.90773 3.93851 203.363)
0.000830249   (-3.70309 4.16614 204.981)
0.000831104   (-2.24735 4.4801 206.445)
0.000831959   (-0.784091 4.85476 207.606)
0.000832814   (0.48987 5.16128 208.401)
0.000833669   (1.46995 5.25901 208.813)
0.000834524   (2.14815 5.08935 208.923)
0.00083538    (2.55936 4.70996 208.818)
0.000836236   (2.75782 4.25168 208.677)
0.000837092   (2.75871 3.87932 208.497)
0.000837948   (2.54782 3.64562 208.424)
0.000838804   (2.09712 3.60195 208.442)
0.000839661   (1.34904 3.67986 208.503)
0.000840518   (0.30843 3.78156 208.561)
0.000841376   (-0.959385 3.80217 208.609)
0.000842233   (-2.2916 3.71702 208.6)
0.000843092   (-3.54025 3.53426 208.735)
0.00084395    (-4.49954 3.28679 208.942)
0.000844808   (-5.02951 3.02126 209.295)
0.000845666   (-5.08174 2.74026 209.821)
0.000846524   (-4.70968 2.48648 210.524)
0.000847381   (-4.04028 2.29983 211.364)
0.000848237   (-3.22511 2.18102 212.361)
0.000849093   (-2.38712 2.13617 213.285)
0.000849949   (-1.57987 2.14189 214.201)
0.000850804   (-0.835463 2.14257 215.019)
0.000851659   (-0.154553 2.11149 215.697)
0.000852513   (0.457636 1.9945 216.231)
0.000853368   (0.980777 1.77965 216.641)
0.000854222   (1.39432 1.47204 216.964)
0.000855077   (1.69681 1.09905 217.24)
0.000855931   (1.90529 0.715985 217.499)
0.000856786   (2.04153 0.397732 217.751)
0.00085764    (2.11777 0.229366 217.979)
0.000858495   (2.13346 0.281985 218.151)
0.000859349   (2.0772 0.593144 218.229)
0.000860204   (1.94989 1.15129 218.186)
0.00086106    (1.76244 1.91015 218.014)
0.000861915   (1.52784 2.76111 217.704)
0.000862771   (1.25894 3.55274 217.304)
0.000863628   (0.982219 4.11226 216.845)
0.000864484   (0.710408 4.27991 216.328)
0.000865341   (0.424836 3.93802 215.736)
0.000866199   (0.0876139 3.06544 215.031)
0.000867057   (-0.336033 1.7383 214.225)
0.000867916   (-0.867785 0.110873 213.259)
0.000868774   (-1.51169 -1.6624 212.166)
0.000869633   (-2.22813 -3.45051 211.059)
0.00087049    (-2.96928 -5.17763 209.927)
0.000871348   (-3.69693 -6.7288 208.794)
0.000872205   (-4.34496 -7.96506 207.681)
0.000873061   (-4.80767 -8.73479 206.591)
0.000873914   (-4.95561 -8.94569 205.574)
0.000874766   (-4.66067 -8.58289 204.769)
0.000875616   (-3.95667 -7.71936 204.291)
0.000876464   (-3.01141 -6.48859 204.116)
0.00087731    (-2.03026 -5.10288 204.227)
0.000878155   (-1.14906 -3.72626 204.61)
0.000879      (-0.397029 -2.46286 205.206)
0.000879843   (0.230687 -1.43122 205.975)
0.000880687   (0.743625 -0.61856 206.892)
0.000881529   (1.17401 0.0452599 207.902)
0.000882372   (1.512 0.646476 208.95)
0.000883214   (1.75343 1.21497 209.96)
0.000884057   (1.89598 1.77402 210.878)
0.000884901   (1.94094 2.31796 211.686)
0.000885746   (1.8946 2.82767 212.323)
0.000886592   (1.76952 3.29103 212.82)
0.00088744    (1.58398 3.69053 213.179)
0.000888289   (1.3586 4.02356 213.412)
0.00088914    (1.11283 4.28881 213.541)
0.000889993   (0.870773 4.49933 213.592)
0.000890848   (0.640756 4.6708 213.591)
0.000891705   (0.430373 4.81934 213.573)
0.000892563   (0.244668 4.95789 213.555)
0.000893424   (0.0831527 5.09233 213.56)
0.000894287   (-0.0558186 5.21837 213.602)
0.000895151   (-0.172073 5.32519 213.688)
0.000896018   (-0.265368 5.39853 213.814)
0.000896886   (-0.333669 5.42616 213.979)
0.000897756   (-0.37194 5.40026 214.182)
0.000898627   (-0.368091 5.31705 214.428)
0.0008995     (-0.304528 5.17681 214.727)
0.000900373   (-0.160639 4.98275 215.094)
0.000901247   (0.0833878 4.73626 215.527)
0.000902121   (0.437222 4.4329 216.037)
0.000902995   (0.894183 4.0624 216.58)
0.000903869   (1.43178 3.61537 217.109)
0.000904744   (2.01051 3.08343 217.565)
0.000905622   (2.57413 2.4875 217.877)
0.000906506   (3.05074 1.86415 217.989)
0.00090739    (3.34991 1.27873 217.859)
0.000908272   (3.38017 0.822285 217.483)
0.000909151   (3.05913 0.563561 216.883)
0.000910028   (2.33615 0.526382 216.099)
0.000910904   (1.20342 0.679493 215.173)
0.000911778   (-0.292867 0.945888 214.164)
0.000912651   (-2.06011 1.22778 213.109)
0.000913523   (-4.00597 1.42084 212.035)
0.000914394   (-6.04916 1.49634 210.964)
0.000915261   (-8.01428 1.37042 209.981)
0.000916125   (-9.68157 1.07268 208.931)
0.000916985   (-10.7403 0.623195 207.853)
0.000917842   (-10.9042 0.045473 206.752)
0.000918695   (-10.0639 -0.635866 205.721)
0.000919546   (-8.36118 -1.33147 204.922)
0.000920394   (-6.16251 -1.8172 204.512)
0.00092124    (-3.85917 -1.90256 204.159)
0.000922085   (-1.78159 -1.41496 204.028)
0.000922929   (0.030505 -0.429224 203.938)
0.000923773   (1.47762 0.82895 203.789)
0.000924618   (2.54829 2.14562 203.561)
0.000925464   (3.29564 3.39837 203.283)
0.000926311   (3.77288 4.52388 203.007)
0.000927161   (4.03305 5.49336 202.792)
0.000928012   (4.14046 6.30206 202.739)
0.000928864   (4.14931 6.97305 202.914)
0.000929717   (4.12221 7.54318 203.374)
0.000930571   (4.11226 8.01628 204.144)
0.000931428   (4.14876 8.40332 205.203)
0.000932287   (4.22845 8.6342 206.434)
0.000933149   (4.31884 8.62491 207.658)
0.000934014   (4.3859 8.29052 208.657)
0.000934881   (4.40444 7.57942 209.266)
0.000935752   (4.38238 6.51099 209.313)
0.000936625   (4.3707 5.18436 208.891)
0.000937499   (4.41058 3.76115 208.213)
0.000938373   (4.49143 2.39572 207.475)
0.000939247   (4.55283 1.18839 206.871)
0.000940122   (4.55491 0.136425 206.593)
0.000940996   (4.46997 -0.809061 206.664)
0.00094187    (4.3292 -1.67934 207.154)
0.000942744   (4.17193 -2.49373 208.007)
0.000943618   (4.04709 -3.23577 209.17)
0.000944492   (3.98203 -3.85034 210.469)
0.000945366   (3.96717 -4.26593 211.72)
0.000946241   (3.95448 -4.42313 212.718)
0.000947115   (3.85703 -4.35023 213.311)
0.000947989   (3.59484 -4.02791 213.425)
0.000948863   (3.13827 -3.49576 213.091)
0.000949739   (2.51494 -2.80965 212.398)
0.000950614   (1.77807 -1.99944 211.457)
0.00095149    (0.995674 -1.09033 210.403)
0.000952366   (0.225702 -0.14258 209.348)
0.000953241   (-0.498151 0.736146 208.389)
0.000954117   (-1.15798 1.44101 207.591)
0.000954995   (-1.74213 1.9182 206.983)
0.000955872   (-2.24126 2.15156 206.571)
0.000956749   (-2.64828 2.1512 206.344)
0.000957627   (-2.95241 1.95115 206.276)
0.000958504   (-3.13739 1.60634 206.331)
0.000959382   (-3.18049 1.17812 206.46)
0.000960262   (-3.05788 0.721903 206.605)
0.000961139   (-2.75434 0.274762 206.71)
0.000962013   (-2.27283 -0.146904 206.727)
0.000962883   (-1.63728 -0.532281 206.63)
0.000963751   (-0.895937 -0.873273 206.419)
0.000964617   (-0.11841 -1.15916 206.117)
0.00096548    (0.619571 -1.37804 205.756)
0.000966342   (1.24818 -1.52733 205.366)
0.000967203   (1.72242 -1.61892 204.971)
0.000968064   (2.03229 -1.67478 204.58)
0.000968924   (2.18296 -1.71334 204.193)
0.000969784   (2.18791 -1.73979 203.807)
0.000970642   (2.07359 -1.7489 203.415)
0.000971498   (1.86901 -1.73907 203.006)
0.000972351   (1.60782 -1.71342 202.574)
0.000973204   (1.32735 -1.68235 202.12)
0.000974055   (1.06674 -1.66269 201.655)
0.000974906   (0.863538 -1.67065 201.191)
0.000975757   (0.754291 -1.73503 200.739)
0.000976609   (0.768701 -1.88772 200.312)
0.000977463   (0.92049 -2.16312 199.933)
0.000978318   (1.2136 -2.59073 199.629)
0.000979175   (1.62811 -3.19484 199.423)
0.000980032   (2.13042 -3.96262 199.287)
0.000980885   (2.68195 -4.85648 199.252)
0.000981739   (3.28319 -5.76445 199.245)
0.000982592   (3.93297 -6.50438 199.171)
0.000983445   (4.64007 -6.8677 198.978)
0.000984299   (5.40464 -6.69203 198.626)
0.000985152   (6.19793 -5.92008 198.136)
0.000986002   (6.94596 -4.6826 197.578)
0.00098685    (7.54394 -3.14935 197.015)
0.000987699   (7.86283 -1.60062 196.604)
0.00098855    (7.78924 -0.28894 196.428)
0.000989404   (7.29716 0.604829 196.582)
0.00099026    (6.5072 0.952891 197.137)
0.000991122   (5.62719 0.757605 198.13)
0.000991977   (4.88723 0.0989132 199.537)
0.00099283    (4.44509 -0.881644 201.272)
0.000993684   (4.35009 -2.0269 203.148)
0.000994537   (4.48302 -3.16813 205.048)
0.000995391   (4.74171 -4.25769 206.665)
0.000996244   (4.99749 -5.22864 207.836)
0.000997098   (5.18195 -6.04089 208.614)
0.000997952   (5.25266 -6.70713 208.938)
0.000998805   (5.17687 -7.24006 208.784)
0.000999659   (4.87652 -7.63794 208.13)
0.00100052    (4.23937 -7.88348 206.951)
0.00100139    (3.17091 -7.93602 205.268)
0.00100225    (1.66278 -7.76737 203.224)
0.00100311    (-0.16075 -7.38035 201.024)
0.00100397    (-2.05678 -6.79543 199.003)
0.00100483    (-3.7403 -6.08671 197.518)
0.00100569    (-5.05198 -5.29191 196.783)
0.00100655    (-5.93914 -4.54692 197.104)
0.00100741    (-6.45951 -3.8264 198.283)
0.00100827    (-6.71693 -3.07511 200.248)
0.00100913    (-6.74941 -2.21547 202.697)
0.00100999    (-6.49363 -1.27925 205.255)
0.00101085    (-5.85884 -0.417126 207.482)
0.00101171    (-4.82264 0.130998 209.251)
