# Probe 0 (0 0 0.76)
# Time        0            
0             852.879      
3.11448e-07   850.59       
1.35164e-06   846.494      
2.48375e-06   845.216      
3.61504e-06   845.025      
4.74568e-06   845.426      
5.87951e-06   846.362      
7.02685e-06   846.578      
8.17378e-06   846.345      
9.31807e-06   844.995      
1.04611e-05   842.212      
1.16026e-05   838.29       
1.27429e-05   834.107      
1.38821e-05   831.546      
1.50206e-05   831.275      
1.61587e-05   831.714      
1.72967e-05   833.517      
1.84347e-05   836.634      
1.9573e-05    840.454      
2.07117e-05   844.273      
2.18509e-05   846.672      
2.29908e-05   847.421      
2.41315e-05   847.35       
2.52732e-05   845.584      
2.64158e-05   842.272      
2.75585e-05   838.363      
2.87009e-05   835.577      
2.9843e-05    835.094      
3.09852e-05   835.409      
3.21274e-05   837.115      
3.32702e-05   839.627      
3.44136e-05   841.838      
3.55579e-05   842.836      
3.67029e-05   843.013      
3.78402e-05   842.967      
3.89664e-05   842.531      
4.0082e-05    842.143      
4.1189e-05    842.255      
4.22878e-05   842.963      
4.33799e-05   844.567      
4.44672e-05   846.776      
4.55502e-05   849.126      
4.66305e-05   851.379      
4.77068e-05   853.521      
4.8778e-05    855.749      
4.98453e-05   858.23       
5.09096e-05   860.81       
5.19714e-05   862.378      
5.30317e-05   862.774      
5.40915e-05   862.797      
5.51508e-05   862.126      
5.62103e-05   860.89       
5.72707e-05   859.622      
5.83325e-05   858.808      
5.93951e-05   858.017      
6.04572e-05   856.264      
6.152e-05     853.147      
6.25847e-05   848.72       
6.3652e-05    843.196      
6.47227e-05   836.822      
6.57971e-05   830.079      
6.68736e-05   823.811      
6.79509e-05   820.904      
6.90298e-05   820.636      
7.01116e-05   820.935      
7.11973e-05   822.038      
7.22875e-05   823.858      
7.33831e-05   826.021      
7.44844e-05   828.24       
7.55919e-05   830.465      
7.67017e-05   832.808      
7.78111e-05   835.455      
7.89204e-05   838.427      
8.00299e-05   841.6        
8.114e-05     844.759      
8.2251e-05    847.734      
8.33632e-05   850.448      
8.44767e-05   852.875      
8.55919e-05   855.033      
8.67085e-05   856.927      
8.78265e-05   858.431      
8.89461e-05   858.968      
9.00674e-05   859.045      
9.11908e-05   859.029      
9.23138e-05   858.86       
9.34321e-05   858.556      
9.45459e-05   858.42       
9.56555e-05   858.454      
9.67604e-05   858.67       
9.78609e-05   859.206      
9.89574e-05   860.086      
0.000100051   861.245      
0.000101141   862.557      
0.000102228   863.782      
0.000103314   863.969      
0.000104399   863.612      
0.000105483   862.148      
0.000106567   859.04       
0.000107652   854.171      
0.000108737   848.04       
0.000109825   841.65       
0.000110915   835.953      
0.000112006   831.944      
0.000113096   830.985      
0.000114186   830.911      
0.000115277   830.974      
0.000116371   830.919      
0.000117468   830.876      
0.000118569   831.06       
0.000119674   831.833      
0.000120783   833.445      
0.000121896   835.773      
0.000123004   838.529      
0.000124107   841.454      
0.000125207   844.368      
0.000126307   847.157      
0.000127409   849.737      
0.000128518   852.056      
0.000129634   853.724      
0.000130753   854.03       
0.00013187    853.986      
0.000132987   853.655      
0.000134103   852.755      
0.000135219   851.119      
0.000136332   848.767      
0.000137445   845.825      
0.000138557   842.458      
0.000139668   839.002      
0.000140778   835.86       
0.000141888   834.86       
0.000142998   834.949      
0.000144106   836.297      
0.000145213   840.076      
0.000146319   846.277      
0.000147424   853.925      
0.000148529   861.064      
0.000149633   862.775      
0.000150737   862.281      
0.00015184    857.502      
0.000152945   846.716      
0.00015405    831.695      
0.000155155   817.352      
0.000156262   810.36       
0.000157371   808.975      
0.00015848    808.822      
0.000159592   808.94       
0.000160706   809.526      
0.000161822   810.636      
0.000162941   812.129      
0.000164064   813.868      
0.00016519    815.749      
0.000166317   817.654      
0.000167436   819.455      
0.000168548   821.063      
0.000169653   822.416      
0.000170751   823.486      
0.000171845   824.268      
0.000172938   824.849      
0.00017403    825.377      
0.000175121   825.892      
0.000176214   826.299      
0.000177309   826.596      
0.00017841    826.941      
0.000179517   827.41       
0.000180631   827.982      
0.000181752   828.612      
0.000182879   829.242      
0.000184006   829.903      
0.000185132   830.583      
0.000186255   831.254      
0.000187375   831.891      
0.000188492   832.453      
0.000189607   832.794      
0.000190718   832.848      
0.000191827   832.662      
0.000192933   832.247      
0.000194039   831.414      
0.000195143   829.664      
0.000196247   826.914      
0.000197352   823.266      
0.000198456   819.151      
0.00019956    815.786      
0.000200663   815.093      
0.000201765   815.113      
0.000202867   815.604      
0.000203968   816.749      
0.00020507    818.335      
0.000206172   820.181      
0.000207274   822.154      
0.000208377   824.227      
0.00020948    826.45       
0.000210583   828.913      
0.000211687   831.717      
0.000212794   834.923      
0.000213901   838.535      
0.00021501    842.45       
0.00021612    846.451      
0.000217232   850.236      
0.000218346   853.692      
0.00021946    856.849      
0.000220576   859.787      
0.000221692   862.589      
0.00022281    865.326      
0.000223929   868.053      
0.000225049   870.79       
0.000226171   872.876      
0.000227295   873.025      
0.000228421   872.153      
0.000229549   868.803      
0.000230679   861.592      
0.000231811   850.271      
0.000232945   837.015      
0.000234082   828.307      
0.00023522    826.619      
0.000236358   826.421      
0.000237497   826.698      
0.000238637   827.711      
0.000239777   829.257      
0.000240918   831.057      
0.00024206    833.031      
0.000243203   835.212      
0.000244347   837.621      
0.000245489   840.207      
0.00024663    842.863      
0.00024777    845.387      
0.00024891    847.521      
0.00025005    849.154      
0.000251192   850.384      
0.000252335   851.488      
0.000253481   852.73       
0.000254628   854.256      
0.000255776   856.12       
0.000256927   858.339      
0.000258078   860.91       
0.00025923    863.808      
0.000260382   867.002      
0.000261532   870.409      
0.000262681   873.817      
0.000263829   876.973      
0.000264978   879.737      
0.000266127   881.897      
0.000267277   882.685      
0.000268429   882.921      
0.00026958    881.747      
0.000270731   878.182      
0.000271882   871.841      
0.000273032   863.54       
0.000274182   855.246      
0.000275331   848.89       
0.000276481   845.708      
0.00027763    844.828      
0.000278779   844.428      
0.000279928   844.023      
0.000281077   843.597      
0.000282225   843.083      
0.000283373   842.23       
0.00028452    840.919      
0.000285667   839.116      
0.000286814   836.78       
0.00028796    834.004      
0.000289107   831.013      
0.000290254   828.06       
0.000291403   825.403      
0.000292551   823.237      
0.000293698   822.081      
0.000294845   821.787      
0.000295991   821.87       
0.000297138   822.605      
0.000298285   823.863      
0.000299433   825.509      
0.000300582   827.468      
0.000301731   829.639      
0.000302881   831.994      
0.000304032   834.563      
0.000305184   837.271      
0.000306338   839.601      
0.000307494   840.051      
0.000308651   839.904      
0.000309808   839.012      
0.000310967   837.327      
0.000312129   835.128      
0.000313292   832.833      
0.000314456   830.887      
0.000315623   830.182      
0.000316789   829.949      
0.000317954   830.316      
0.000319118   831.605      
0.000320282   833.28       
0.000321446   833.915      
0.000322609   833.875      
0.000323771   833.635      
0.000324931   832.949      
0.000326091   831.66       
0.000327251   829.681      
0.00032841    826.728      
0.000329569   822.464      
0.000330729   816.758      
0.000331889   809.882      
0.000333051   802.535      
0.000334213   795.684      
0.000335376   790.261      
0.000336539   788.018      
0.000337702   787.731      
0.000338863   787.779      
0.000340025   788.138      
0.000341185   788.839      
0.000342348   789.769      
0.000343512   790.756      
0.000344676   791.719      
0.00034584    792.661      
0.000347004   793.609      
0.000348168   794.582      
0.000349334   795.591      
0.000350499   796.636      
0.000351664   797.712      
0.000352831   798.815      
0.000353997   799.936      
0.000355164   801.079      
0.000356331   802.247      
0.000357498   803.45       
0.000358665   804.693      
0.000359829   805.969      
0.000360985   807.267      
0.000362131   808.49       
0.000363268   809.563      
0.000364395   810.417      
0.000365509   811.024      
0.000366614   811.414      
0.000367714   811.674      
0.000368813   811.934      
0.000369915   812.327      
0.000371024   812.939      
0.000372142   813.793      
0.000373274   814.871      
0.000374418   816.129      
0.000375565   817.511      
0.000376712   819.001      
0.000377863   820.604      
0.000379018   822.321      
0.000380173   824.096      
0.000381325   825.861      
0.000382475   827.567      
0.000383623   829.185      
0.000384769   830.717      
0.000385913   832.16       
0.000387054   833.48       
0.000388195   834.66       
0.000389334   835.764      
0.000390471   836.882      
0.000391608   838.143      
0.000392744   839.794      
0.00039388    842.131      
0.000395015   845.362      
0.00039615    849.412      
0.000397285   853.792      
0.000398419   857.898      
0.000399555   861.478      
0.000400691   864.404      
0.000401827   866.628      
0.000402965   867.255      
0.000404103   867.076      
0.000405242   864.958      
0.000406383   859.367      
0.000407525   849.576      
0.000408669   836.889      
0.000409811   824.627      
0.000410952   816.346      
0.000412092   813.83       
0.000413232   813.105      
0.00041437    812.773      
0.000415508   812.215      
0.000416646   811.117      
0.000417783   809.428      
0.000418921   807.193      
0.000420058   804.557      
0.000421197   801.711      
0.000422336   798.797      
0.000423476   795.714      
0.000424617   792.129      
0.000425757   787.844      
0.000426897   783.123      
0.000428036   779.035      
0.000429175   777.971      
0.000430313   777.906      
0.000431453   778.168      
0.000432592   778.736      
0.000433733   779.248      
0.000434874   779.563      
0.000436016   779.954      
0.000437159   780.732      
0.000438304   781.969      
0.00043945    783.547      
0.000440597   785.323      
0.000441746   787.241      
0.000442898   789.166      
0.00044405    790.987      
0.0004452     792.763      
0.000446347   794.62       
0.000447491   796.639      
0.000448635   798.867      
0.000449779   801.337      
0.000450923   804.146      
0.000452069   807.416      
0.000453218   811.143      
0.000454371   815.137      
0.000455522   819.01       
0.000456667   822.31       
0.000457807   823.635      
0.000458942   823.848      
0.000460073   823.859      
0.000461199   823.491      
0.00046232    822.565      
0.000463439   821.321      
0.000464554   820.273      
0.000465668   819.718      
0.00046678    819.56       
0.000467891   819.484      
0.000469002   819.226      
0.000470113   818.655      
0.000471224   817.905      
0.000472338   817.318      
0.000473455   817.273      
0.000474577   817.496      
0.000475703   818.965      
0.000476835   822.57       
0.000477974   827.885      
0.000479115   834.029      
0.000480261   840.651      
0.000481409   847.453      
0.000482557   854.027      
0.000483702   859.934      
0.000484846   864.131      
0.000485994   865.305      
0.000487142   865.598      
0.00048829    864.342      
0.000489438   860.362      
0.000490586   853.289      
0.000491734   843.668      
0.000492882   833.227      
0.00049403    823.739      
0.000495178   816.551      
0.000496309   812.135      
0.000497427   809.628      
0.000498546   808.04       
0.000499664   806.484      
0.000500801   805.472      
0.000501943   805.6        
0.000503079   806.503      
0.000504211   808.414      
0.00050534    811.035      
0.000506467   814.281      
0.000507593   818.042      
0.000508719   822.222      
0.000509847   826.87       
0.000510977   832.059      
0.000512109   837.887      
0.000513246   844.36       
0.000514386   851.396      
0.000515531   858.844      
0.00051668    866.136      
0.000517829   870.327      
0.000518977   870.536      
0.000520125   869.592      
0.000521273   866.857      
0.000522421   862.341      
0.000523571   856.118      
0.000524721   847.66       
0.000525872   837.082      
0.000527024   829.489      
0.000528177   828.869      
0.00052933    830.845      
0.000530483   837.187      
0.000531637   847.187      
0.00053279    858.523      
0.000533943   868.815      
0.000535094   874.018      
0.000536244   875.371      
0.000537393   873.934      
0.000538541   866.105      
0.000539687   852.072      
0.000540833   837.406      
0.000541978   832.506      
0.000543122   831.618      
0.000544266   831.626      
0.000545412   831.998      
0.000546559   832.934      
0.000547707   834.132      
0.000548857   835.239      
0.000550008   836.155      
0.000551159   837.024      
0.00055231    838.012      
0.000553463   839.194      
0.000554616   840.543      
0.00055577    841.976      
0.000556923   843.457      
0.000558076   844.954      
0.000559229   846.348      
0.000560382   847.157      
0.000561535   847.234      
0.000562679   846.999      
0.000563816   846.154      
0.000564945   844.542      
0.000566067   842.224      
0.000567183   839.397      
0.000568294   836.194      
0.000569402   832.581      
0.000570508   828.645      
0.000571613   824.689      
0.000572718   821.011      
0.000573823   817.791      
0.000574924   815.204      
0.00057602    812.688      
0.000577111   809.557      
0.000578197   806.029      
0.000579282   802.754      
0.000580365   800.862      
0.000581448   800.524      
0.000582532   800.563      
0.000583616   800.81       
0.000584703   801.517      
0.000585791   802.467      
0.000586881   803.223      
0.000587973   803.681      
0.000589068   804.047      
0.000590164   804.46       
0.000591263   804.844      
0.000592365   804.963      
0.000593468   804.914      
0.000594574   804.346      
0.000595682   802.976      
0.000596793   800.593      
0.000597907   797.174      
0.000599023   793.019      
0.000600141   788.584      
0.000601261   784.228      
0.000602383   780.121      
0.000603504   776.228      
0.000604625   772.421      
0.000605745   768.65       
0.000606867   765.012      
0.000607989   761.684      
0.000609112   758.795      
0.000610236   756.368      
0.000611362   754.343      
0.000612491   752.643      
0.000613619   751.247      
0.000614747   750.273      
0.000615874   750.073      
0.000616999   750.1        
0.000618125   750.295      
0.000619252   750.813      
0.000620384   751.73       
0.000621523   753.093      
0.000622666   754.907      
0.000623807   757.147      
0.000624948   759.697      
0.00062609    762.436      
0.000627232   765.17       
0.000628373   767.652      
0.000629514   769.482      
0.000630655   769.854      
0.000631796   769.828      
0.000632937   769.457      
0.000634078   768.706      
0.00063522    768.087      
0.000636362   767.955      
0.000637504   768.171      
0.000638647   768.93       
0.00063979    768.976      
0.000640933   768.17       
0.000642074   766.025      
0.00064321    763.613      
0.000644342   763.282      
0.000645473   763.639      
0.000646602   765.063      
0.000647731   767.621      
0.000648859   770.904      
0.000649981   774.518      
0.000651095   778.193      
0.000652202   781.796      
0.000653303   785.286      
0.000654399   788.647      
0.000655491   791.874      
0.000656577   794.936      
0.000657657   797.808      
0.000658733   800.521      
0.000659806   803.127      
0.000660878   805.689      
0.000661949   808.274      
0.000663023   810.956      
0.0006641     813.796      
0.000665183   816.748      
0.000666272   819.69       
0.000667365   822.368      
0.00066846    824.165      
0.000669557   824.371      
0.000670658   824.176      
0.000671761   823.395      
0.000672866   821.659      
0.000673975   818.719      
0.000675088   814.555      
0.000676207   809.284      
0.000677332   803.097      
0.000678464   796.882      
0.000679601   792.022      
0.000680739   790.569      
0.000681878   790.452      
0.000683018   790.608      
0.000684159   790.95       
0.000685301   791.634      
0.000686445   792.549      
0.000687591   793.418      
0.000688737   794.074      
0.000689882   794.58       
0.000691027   795.096      
0.000692173   795.76       
0.000693319   796.497      
0.000694465   797.228      
0.000695613   797.943      
0.000696763   798.631      
0.000697913   799.304      
0.000699064   799.988      
0.000700215   800.717      
0.000701367   801.539      
0.000702519   802.523      
0.000703672   803.782      
0.000704825   805.486      
0.000705979   807.646      
0.000707134   810.171      
0.000708289   812.966      
0.000709445   815.902      
0.0007106     818.82       
0.000711754   821.657      
0.000712907   824.457      
0.000714058   827.262      
0.000715207   829.86       
0.000716356   831.984      
0.000717503   832.785      
0.000718647   832.888      
0.000719789   832.416      
0.00072093    830.369      
0.000722071   826.221      
0.000723213   820.183      
0.000724354   813.109      
0.000725494   806.227      
0.000726633   801.27       
0.000727771   800.189      
0.000728909   800.135      
0.000730046   800.392      
0.000731183   801.235      
0.000732319   802.749      
0.000733456   804.857      
0.000734592   807.459      
0.000735729   810.396      
0.000736866   813.457      
0.000738002   816.433      
0.000739137   819.094      
0.000740272   821.229      
0.000741406   822.73       
0.00074254    823.67       
0.000743673   824.285      
0.000744805   824.845      
0.000745937   825.477      
0.000747069   826.101      
0.0007482     826.372      
0.000749331   826.473      
0.000750463   826.29       
0.000751594   825.635      
0.000752726   824.506      
0.000753859   823.004      
0.000754993   821.303      
0.000756127   819.654      
0.000757263   818.847      
0.000758399   818.795      
0.000759537   819.102      
0.000760675   820.543      
0.000761814   823.567      
0.000762954   828.126      
0.000764094   833.54       
0.000765235   838.846      
0.000766375   842.251      
0.000767515   842.662      
0.000768656   841.867      
0.000769798   838.049      
0.00077094    830.222      
0.000772082   819.478      
0.000773226   809.974      
0.00077437    807.911      
0.000775515   807.872      
0.000776661   808.594      
0.000777808   810.772      
0.000778956   814.094      
0.000780106   817.763      
0.000781255   821.351      
0.000782405   824.913      
0.000783554   828.643      
0.000784704   832.615      
0.000785855   836.736      
0.000787006   840.79       
0.000788157   844.484      
0.000789306   845.949      
0.000790452   846.088      
0.000791596   845.16       
0.000792738   842.675      
0.000793878   839.805      
0.000795016   839.193      
0.000796153   839.356      
0.000797288   840.583      
0.000798422   843.578      
0.000799554   848.188      
0.000800685   853.898      
0.000801815   859.909      
0.000802943   865.528      
0.00080407    870.368      
0.000805197   872.071      
0.000806323   871.986      
0.000807447   869.32       
0.000808571   861.036      
0.000809685   845.186      
0.000810796   823.22       
0.000811916   810.723      
0.000813044   809.238      
0.000814183   809.706      
0.000815319   812.202      
0.000816451   816.38       
0.000817577   820.937      
0.000818698   825.086      
0.000819816   828.692      
0.00082093    831.776      
0.000822042   833.504      
0.000823153   833.569      
0.000824262   832.976      
0.000825372   831.056      
0.000826485   827.512      
0.0008276     822.443      
0.000828715   816.251      
0.000829826   809.676      
0.000830934   803.617      
0.000832038   798.813      
0.000833138   796.94       
0.000834236   797.002      
0.000835333   797.346      
0.000836432   797.806      
0.000837533   798.427      
0.00083864    799.439      
0.000839754   800.995      
0.000840873   803.088      
0.000841988   805.591      
0.000843101   808.365      
0.000844216   811.216      
0.000845335   814.015      
0.00084646    816.811      
0.000847591   819.685      
0.000848729   822.575      
0.000849866   825.344      
0.000851      827.965      
0.000852133   830.444      
0.000853264   832.809      
0.000854395   835.112      
0.000855525   837.392      
0.000856655   839.65       
0.000857786   841.866      
0.000858917   843.956      
0.000860048   845.759      
0.000861179   847.21       
0.000862308   848.347      
0.000863432   849.259      
0.000864553   850.059      
0.00086569    850.163      
0.00086683    849.893      
0.000867964   848.992      
0.000869094   846.443      
0.000870221   840.71       
0.000871348   831.546      
0.000872476   820.786      
0.000873606   810.795      
0.000874736   804.468      
0.000875859   803.263      
0.000876977   803.234      
0.000878089   803.739      
0.000879194   805.033      
0.000880296   807.222      
0.000881394   810.076      
0.000882489   813.262      
0.000883584   816.724      
0.000884678   820.684      
0.000885773   825.363      
0.000886869   830.787      
0.000887968   836.831      
0.000889071   843.458      
0.000890177   850.76       
0.000891288   858.871      
0.000892404   867.628      
0.000893525   876.589      
0.000894651   885.049      
0.000895784   888.934      
0.000896921   889.065      
0.000898057   887.774      
0.000899192   884.578      
0.000900326   879.261      
0.00090146    872.558      
0.000902594   867.952      
0.000903729   867.394      
0.000904865   868.769      
0.000906002   873.021      
0.00090714    879.219      
0.00090828    882.717      
0.000909422   882.406      
0.000910565   878.201      
0.000911709   867.034      
0.000912852   848.428      
0.000913994   825.268      
0.000915136   803.886      
0.000916279   795.978      
0.000917422   794.818      
0.000918565   794.84       
0.00091971    795.333      
0.000920855   796.459      
0.000922002   797.859      
0.00092315    799.234      
0.000924299   800.516      
0.000925447   801.745      
0.000926594   802.967      
0.000927739   804.189      
0.000928884   805.4        
0.00093003    806.603      
0.000931173   807.833      
0.000932317   809.204      
0.00093346    810.753      
0.000934603   812.441      
0.000935746   814.194      
0.000936887   815.954      
0.000938025   817.701      
0.000939159   819.432      
0.000940292   821.153      
0.000941422   822.877      
0.000942551   824.629      
0.000943679   826.434      
0.000944807   828.317      
0.000945935   830.325      
0.000947064   832.467      
0.000948195   834.687      
0.000949329   837.039      
0.000950462   839.606      
0.000951591   842.466      
0.000952716   845.674      
0.000953838   849.221      
0.000954965   853.034      
0.000956114   856.25       
0.000957266   856.709      
0.000958417   855.397      
0.000959569   850.455      
0.000960721   840.53       
0.000961871   825.686      
0.000963019   809.486      
0.000964168   803.633      
0.000965315   803.086      
0.000966459   803.525      
0.000967604   805.168      
0.000968749   807.8        
0.000969894   810.658      
0.000971038   813.171      
0.000972183   815.178      
0.000973328   816.819      
0.000974472   818.233      
0.000975617   819.527      
0.000976762   820.791      
0.000977907   822.033      
0.000979051   823.249      
0.000980196   824.756      
0.000981338   826.834      
0.000982479   829.12       
0.000983617   830.652      
0.000984754   830.862      
0.000985892   830.689      
0.00098703    829.937      
0.000988168   828.855      
0.000989305   828.07       
0.000990443   828.007      
0.000991581   828.096      
0.000992719   828.335      
0.000993856   828.848      
0.000994994   829.725      
0.000996132   830.913      
0.000997269   832.263      
0.000998407   833.664      
0.000999545   835.069      
0.00100068    836.455      
0.00100182    837.829      
0.00100296    839.221      
0.0010041     840.645      
0.00100523    842.084      
0.00100637    843.479      
0.00100751    844.761      
0.00100864    845.961      
0.00100978    847.004      
0.00101091    847.825      
0.00101205    848.026      
0.00101319    847.882      
0.00101432    847.044      
0.00101546    844.927      
0.0010166     840.483      
0.00101773    832.736      
0.00101887    821.441      
0.00102001    808.266      
0.00102115    796.592      
0.00102228    789.848      
0.00102341    788.619      
0.00102454    788.577      
0.00102566    788.787      
0.00102678    789.202      
0.0010279     789.826      
0.00102901    790.666      
0.00103013    791.721      
0.00103125    793.011      
0.00103238    794.534      
0.00103349    796.392      
0.0010346     799.406      
0.00103571    804.211      
0.00103682    810.795      
0.00103793    818.779      
0.00103904    827.243      
0.00104016    835.26       
0.00104128    842.314      
0.00104241    848.215      
0.00104355    852.909      
0.00104469    856.616      
0.00104583    858.395      
0.00104698    858.318      
0.00104813    856.927      
0.00104927    852.617      
0.00105041    844.295      
0.00105155    832.764      
0.00105267    821.642      
0.0010538     815.708      
0.00105492    814.333      
0.00105606    813.928      
0.0010572     813.496      
0.00105834    812.51       
0.00105949    811.003      
0.00106063    809.598      
0.00106178    809.357      
0.00106294    810.391      
0.00106409    813.898      
0.00106524    819.412      
0.0010664     823.52       
0.00106755    824.255      
0.00106871    822.676      
0.00106986    816.505      
0.001071      806.488      
0.00107214    795.732      
0.00107328    789.901      
0.00107441    788.979      
0.00107554    788.983      
0.00107667    789.494      
0.0010778     790.626      
0.00107892    791.943      
0.00108005    793.003      
0.00108118    793.645      
0.0010823     794.061      
0.00108343    794.755      
0.00108455    796.26       
0.00108567    798.909      
0.0010868     802.641      
0.00108793    807.001      
0.00108906    810.514      
0.00109019    810.799      
0.00109132    809.891      
0.00109246    806.249      
0.00109359    799.331      
0.00109473    790.826      
0.00109586    784.488      
0.00109699    783.247      
0.00109812    783.206      
0.00109924    783.467      
0.00110035    784.201      
0.00110147    785.176      
0.00110258    785.989      
0.00110369    786.316      
0.0011048     786.374      
0.00110591    786.362      
0.00110701    786.303      
0.00110812    786.249      
0.00110922    786.252      
0.00111033    786.391      
0.00111143    786.76       
0.00111254    787.305      
0.00111364    787.945      
0.00111475    788.677      
0.00111585    789.594      
0.00111696    790.844      
0.00111807    792.561      
0.00111918    794.817      
0.00112029    797.556      
0.0011214     800.663      
0.00112252    803.98       
0.00112364    807.432      
0.00112475    810.989      
0.00112588    814.634      
0.001127      818.232      
0.00112813    821.189      
0.00112925    822.217      
0.00113036    822.502      
0.00113147    821.309      
0.00113258    818.199      
0.00113369    813.849      
0.00113479    809.499      
0.0011359     807.324      
0.001137      807.179      
0.0011381     807.673      
0.0011392     809.318      
0.0011403     812.037      
0.0011414     815.376      
0.0011425     818.932      
0.00114361    822.48       
0.00114473    825.949      
0.00114585    829.317      
0.00114697    832.455      
0.0011481     835.285      
0.00114922    837.921      
0.00115033    840.565      
0.00115144    843.446      
0.00115255    846.795      
0.00115365    850.663      
0.00115475    854.841      
0.00115585    859.065      
0.00115694    863.097      
0.00115803    866.771      
0.00115912    868.856      
0.00116022    869.36       
0.00116131    869.497      
0.0011624     869.165      
0.00116349    868.414      
0.00116458    868.308      
0.00116568    868.419      
0.00116678    868.647      
0.00116789    868.289      
0.001169      865.944      
0.00117012    860.069      
0.00117124    850.464      
0.00117236    840.29       
0.00117347    836.843      
0.00117458    836.028      
0.0011757     835.544      
0.00117681    834.394      
0.00117792    830.84       
0.00117903    824.234      
0.00118015    817.086      
0.00118126    815.472      
0.00118237    815.568      
0.00118348    816.61       
0.0011846     818.735      
0.00118571    821.268      
0.00118683    823.503      
0.00118795    825.296      
0.00118907    826.955      
0.00119019    828.772      
0.0011913     830.876      
0.00119241    833.177      
0.00119352    834.905      
0.00119463    835.3        
0.00119574    834.8        
0.00119685    831.396      
0.00119796    824.266      
0.00119908    814.638      
0.0012002     804.476      
0.00120133    795.616      
0.00120247    790.695      
0.0012036     789.922      
0.00120474    790.134      
0.00120588    791.617      
0.00120702    794.141      
0.00120815    795.72       
0.00120929    796.034      
0.00121042    796.114      
0.00121156    796.172      
0.00121269    796.349      
0.00121383    796.946      
0.00121496    798.097      
0.0012161     799.695      
0.00121724    801.558      
0.00121837    803.668      
0.0012195     806.054      
0.00122063    808.565      
0.00122175    810.994      
0.00122288    813.247      
0.001224      815.277      
0.00122512    817.002      
0.00122624    818.408      
0.00122736    819.561      
0.00122848    820.611      
0.00122959    821.883      
0.00123071    823.873      
0.00123183    826.88       
0.00123295    830.882      
0.00123407    835.639      
0.0012352     840.805      
0.00123631    846.089      
0.00123743    851.208      
0.00123854    855.958      
0.00123964    858.198      
0.00124075    858.133      
0.00124185    855.946      
0.00124296    848.806      
0.00124406    834.918      
0.00124516    815.623      
0.00124627    797.447      
0.00124737    792.388      
0.00124847    791.721      
0.00124957    791.838      
0.00125067    792.624      
0.00125177    794.377      
0.00125287    796.616      
0.00125397    799.028      
0.00125507    801.752      
0.00125618    805.23       
0.00125729    809.657      
0.0012584     814.31       
0.00125951    817.502      
0.00126063    818.587      
0.00126175    819.054      
0.00126287    819.075      
0.00126399    818.316      
0.00126512    818.303      
0.00126624    819.177      
0.00126737    822.313      
0.0012685     827.644      
0.00126964    833.715      
0.00127078    839.174      
0.00127192    843.313      
0.00127306    844.66       
0.00127421    844.662      
0.00127534    843.442      
0.00127648    839.903      
0.00127761    834.067      
0.00127874    826.697      
0.00127987    818.909      
0.00128099    812.101      
0.00128212    809.066      
0.00128324    808.544      
0.00128436    808.543      
0.00128548    808.875      
0.0012866     809.834      
0.00128772    811.437      
0.00128884    813.487      
0.00128996    815.759      
0.00129108    818.13       
0.00129219    820.554      
0.00129329    823.022      
0.00129439    825.515      
0.00129548    828.008      
0.00129657    830.468      
0.00129765    832.856      
0.00129872    835.093      
0.00129979    837.12       
0.00130086    838.977      
0.00130194    840.318      
0.00130301    840.508      
0.00130408    840.294      
0.00130515    839.189      
0.00130622    836.709      
0.0013073     832.906      
0.00130838    828.603      
0.00130947    826.375      
0.00131056    826.216      
0.00131166    826.617      
0.00131276    828.066      
0.00131386    830.775      
0.00131497    834.484      
0.00131609    838.721      
0.0013172     843.008      
0.00131832    847.082      
0.00131945    850.919      
0.00132057    854.516      
0.00132169    857.803      
0.00132281    860.797      
0.00132392    863.497      
0.00132503    865.903      
0.00132613    868.058      
0.00132724    870.038      
0.00132834    871.919      
0.00132944    873.712      
0.00133054    875.366      
0.00133164    876.528      
0.00133274    876.715      
0.00133384    876.475      
0.00133495    875.222      
0.00133605    872.399      
0.00133716    867.678      
0.00133827    861.17       
0.00133939    853.666      
0.00134051    846.628      
0.00134163    843.986      
0.00134276    843.585      
0.00134388    843.683      
0.00134501    844.484      
0.00134614    844.875      
0.00134727    844.524      
0.0013484     842.394      
0.00134953    837.159      
0.00135066    828.351      
0.00135178    816.539      
0.00135291    803.712      
0.00135403    792.565      
0.00135515    785.908      
0.00135627    784.374      
0.00135739    784.06       
0.00135851    784.498      
0.00135963    786.581      
0.00136073    790.325      
0.00136184    795.283      
0.00136294    800.876      
0.00136405    806.469      
0.00136515    811.485      
0.00136625    815.458      
0.00136735    818.257      
0.00136845    820.298      
0.00136955    822.123      
0.00137065    824.097      
0.00137176    826.354      
0.00137287    828.804      
0.00137398    831.095      
0.00137509    831.992      
0.00137621    832.247      
0.00137733    831.24       
0.00137846    827.613      
0.00137958    821.188      
0.00138071    813.034      
0.00138183    805.021      
0.00138296    800.013      
0.00138409    799.167      
0.00138522    799.316      
0.00138635    800.375      
0.00138747    802.87       
0.0013886     806.272      
0.00138974    809.971      
0.00139087    813.904      
0.001392      818.509      
0.00139314    824.263      
0.00139428    831.215      
0.00139542    838.786      
0.00139657    846.009      
0.00139771    849.753      
0.00139886    850.373      
0.00140001    849.505      
0.00140115    845.577      
0.0014023     839.191      
0.00140345    832.628      
0.00140459    829.946      
0.00140574    829.723      
0.00140688    830.759      
0.00140802    834.112      
0.00140914    839.386      
0.00141026    845.42       
0.00141137    851.039      
0.00141249    855.408      
0.0014136     856.782      
0.00141472    856.768      
0.00141585    856.443      
0.00141699    855.535      
0.00141813    853.519      
0.00141928    849.608      
0.00142043    843.016      
0.00142158    834.146      
0.00142273    824.876      
0.00142388    819.773      
0.00142503    819.163      
0.00142619    819.68       
0.00142734    822.059      
0.0014285     826.335      
0.00142965    831.816      
0.00143081    837.848      
0.00143196    843.538      
0.00143311    845.464      
0.00143426    845.374      
0.00143541    844.159      
0.00143655    841.394      
0.0014377     838.429      
0.00143885    838.081      
0.00144       838.655      
0.00144114    839.715      
0.00144228    839.622      
0.00144342    836.176      
0.00144455    827.858      
0.00144568    818.318      
0.00144682    815.918      
0.00144795    816.294      
0.00144908    819.168      
0.00145021    823.485      
0.00145134    827.48       
0.00145247    829.568      
0.0014536     829.928      
0.00145473    829.848      
0.00145587    829.172      
0.00145701    828.693      
0.00145815    828.793      
0.0014593     829.298      
0.00146044    830.381      
0.00146158    832.127      
0.00146272    834.464      
0.00146385    837.231      
0.00146499    840.226      
0.00146613    843.327      
0.00146726    846.302      
0.0014684     848.929      
0.00146953    851.186      
0.00147066    853.11       
0.00147179    854.655      
0.00147292    855.817      
0.00147405    856.098      
0.00147518    856.1        
0.00147631    855.912      
0.00147744    855.36       
0.00147856    854.347      
0.00147969    852.787      
0.00148082    850.162      
0.00148195    845.741      
0.00148307    839.207      
0.00148419    832.587      
0.00148532    831.343      
0.00148644    831.79       
0.00148756    834.219      
0.00148868    838.927      
0.00148979    844.951      
0.0014909     850.988      
0.00149201    856.156      
0.00149312    860.163      
0.00149423    863.077      
0.00149534    864.735      
0.00149645    865.018      
0.00149756    864.786      
0.00149867    863.116      
0.00149978    859.261      
0.00150089    853.015      
0.00150201    845.005      
0.00150312    836.647      
0.00150424    829.473      
0.00150535    825.378      
0.00150647    824.676      
0.00150758    824.786      
0.0015087     825.885      
0.00150981    828.19       
0.00151093    831.239      
0.00151204    834.456      
0.00151316    837.594      
0.00151428    840.76       
0.00151539    844.309      
0.00151651    848.571      
0.00151763    853.664      
0.00151874    858.98       
0.00151986    863.66       
0.00152098    867.34       
0.00152211    870.077      
0.00152323    872.126      
0.00152436    873.332      
0.00152549    873.53       
0.00152662    873.371      
0.00152775    872.447      
0.00152889    870.568      
0.00153003    867.821      
0.00153117    864.218      
0.00153231    859.962      
0.00153346    856.216      
0.00153461    855.478      
0.00153576    855.775      
0.0015369     856.244      
0.00153804    856.602      
0.00153918    856.367      
0.00154031    854.884      
0.00154145    851.779      
0.00154258    847.904      
0.0015437     846.928      
0.00154483    847.871      
0.00154596    852.438      
0.00154709    859.893      
0.00154821    867.748      
0.00154934    874.077      
0.00155047    876.783      
0.0015516     877.174      
0.00155272    877.023      
0.00155385    875.867      
0.00155499    873.026      
0.00155612    867.991      
0.00155725    860.647      
0.00155837    851.858      
0.0015595     843.817      
0.00156063    841.784      
0.00156176    841.789      
0.00156289    842.889      
0.00156402    845.617      
0.00156515    849.752      
0.00156627    854.849      
0.0015674     860.894      
0.00156852    867.56       
0.00156965    873.34       
0.00157077    874.393      
0.00157189    873.88       
0.00157301    870.952      
0.00157413    864.609      
0.00157525    855.159      
0.00157636    843.961      
0.00157748    832.877      
0.0015786     823.416      
0.00157972    816.289      
0.00158084    811.553      
0.00158196    808.8        
0.00158309    807.28       
0.00158422    806.139      
0.00158535    804.835      
0.00158648    803.437      
0.00158762    802.892      
0.00158875    802.826      
0.0015899     803.052      
0.00159104    803.906      
0.00159218    805.666      
0.00159333    808.598      
0.00159447    812.913      
0.00159561    818.591      
0.00159674    825.407      
0.00159788    832.992      
0.00159902    840.635      
0.00160015    847.482      
0.00160128    851.626      
0.00160241    852.297      
0.00160354    852.157      
0.00160467    850.706      
0.0016058     847.535      
0.00160692    844.082      
0.00160805    843.358      
0.00160917    843.538      
0.0016103     844.435      
0.00161142    846.413      
0.00161255    848.855      
0.00161367    851.068      
0.0016148     852.789      
0.00161593    853.984      
0.00161705    854.464      
0.00161818    854.516      
0.00161931    854.463      
0.00162044    854.154      
0.00162157    853.231      
0.00162271    851.454      
0.00162384    848.897      
0.00162498    845.985      
0.00162612    843.988      
0.00162726    843.655      
0.00162839    843.799      
0.00162952    844.582      
0.00163065    845.782      
0.00163178    847.071      
0.00163292    848.206      
0.00163406    848.83       
0.0016352     849.065      
0.00163633    849.133      
0.00163747    848.804      
0.0016386     848.021      
0.00163972    846.827      
0.00164085    845.097      
0.00164198    842.632      
0.0016431     839.184      
0.00164423    834.326      
0.00164535    827.822      
0.00164648    820.016      
0.00164761    811.745      
0.00164874    804.054      
0.00164987    797.866      
0.001651      793.676      
0.00165214    791.466      
0.00165328    790.75       
0.00165442    790.414      
0.00165556    789.969      
0.0016567     789.431      
0.00165784    789.313      
0.00165898    789.437      
0.00166012    790.119      
0.00166126    791.541      
0.00166241    793.61       
0.00166355    796.063      
0.00166469    798.572      
0.00166584    800.837      
0.00166698    802.008      
0.00166812    802.072      
0.00166926    801.645      
0.00167039    800.268      
0.00167153    797.633      
0.00167267    793.679      
0.00167381    788.771      
0.00167495    783.723      
0.00167609    779.842      
0.00167723    779.014      
0.00167837    779.06       
0.00167951    779.411      
0.00168066    780.279      
0.0016818     781.583      
0.00168294    783.144      
0.00168408    784.8        
0.00168522    786.374      
0.00168636    787.817      
0.00168749    789.154      
0.00168863    790.458      
0.00168976    791.813      
0.00169089    793.313      
0.00169202    795.013      
0.00169315    796.888      
0.00169429    798.856      
0.00169543    801.077      
0.00169659    803.725      
0.00169775    806.959      
0.00169891    810.964      
0.00170008    815.873      
0.00170125    821.731      
0.00170242    828.134      
0.00170359    834.463      
0.00170475    840.322      
0.00170592    845.71       
0.00170709    850.948      
0.00170826    856.445      
0.00170942    862.298      
0.00171059    867.003      
0.00171176    868.205      
0.00171292    868.142      
0.00171409    865.139      
0.00171525    857.941      
0.00171642    847.28       
0.00171758    835.63       
0.00171874    827.86       
0.0017199     826.385      
0.00172106    826.392      
0.00172221    827.229      
0.00172337    829.387      
0.00172452    832.143      
0.00172567    833.425      
0.00172682    833.674      
0.00172798    833.602      
0.00172913    832.953      
0.00173029    831.835      
0.00173145    830.633      
0.00173261    829.679      
0.00173377    829.076      
0.00173493    828.776      
0.00173608    828.58       
0.00173724    828.281      
0.0017384     827.806      
0.00173955    827.144      
0.00174071    826.263      
0.00174187    825.18       
0.00174303    824.027      
0.00174419    823.214      
0.00174535    823.1        
0.00174652    823.248      
0.00174768    823.934      
0.00174885    825.231      
0.00175002    827.035      
0.00175119    829.085      
0.00175236    831.016      
0.00175353    832.502      
0.00175469    833.411      
0.00175585    833.944      
0.00175702    834.584      
0.00175818    835.887      
0.00175934    837.959      
0.0017605     839.896      
0.00176167    840.586      
0.00176283    840.035      
0.001764      836.193      
0.00176517    828.883      
0.00176634    819.49       
0.0017675     810.384      
0.00176867    805.634      
0.00176983    804.575      
0.00177099    804.562      
0.00177215    805.907      
0.00177331    806.882      
0.00177448    806.788      
0.00177564    806.129      
0.0017768     804.822      
0.00177797    803.633      
0.00177913    803.333      
0.00178029    803.764      
0.00178145    804.082      
0.00178261    803.393      
0.00178377    801.289      
0.00178492    798.31       
0.00178608    795.44       
0.00178724    793.266      
0.00178839    791.781      
0.00178955    790.806      
0.00179071    790.245      
0.00179186    790.175      
0.00179302    790.326      
0.00179418    790.638      
0.00179533    791.252      
0.00179649    792.026      
0.00179764    792.805      
0.00179879    793.602      
0.00179993    794.47       
0.00180106    795.416      
0.0018022     796.443      
0.00180334    797.57       
0.00180449    798.782      
0.00180564    799.893      
0.00180679    800.733      
0.00180795    801.37       
0.0018091     801.958      
0.00181025    802.586      
0.00181141    803.213      
0.00181256    803.7        
0.00181371    803.851      
0.00181486    803.878      
0.00181601    803.89       
0.00181716    803.922      
0.00181831    804          
0.00181946    804.158      
0.00182061    804.444      
0.00182177    804.876      
0.00182292    805.394      
0.00182408    805.858      
0.00182524    806.149      
0.0018264     806.298      
0.00182756    806.488      
0.00182872    806.932      
0.00182988    807.843      
0.00183104    809.27       
0.0018322     810.967      
0.00183336    812.586      
0.00183452    813.915      
0.00183568    814.873      
0.00183683    815.533      
0.00183799    816.103      
0.00183914    816.793      
0.00184029    817.627      
0.00184144    818.509      
0.00184258    819.402      
0.00184373    820.393      
0.00184489    821.576      
0.00184604    823.069      
0.0018472     824.964      
0.00184836    827.209      
0.00184951    829.743      
0.00185067    832.482      
0.00185183    835.25       
0.001853      837.76       
0.00185416    839.965      
0.00185533    841.969      
0.00185651    843.895      
0.00185768    845.799      
0.00185886    847.688      
0.00186003    849.58       
0.0018612     851.176      
0.00186237    851.474      
0.00186354    851.25       
0.00186471    850.4        
0.00186588    848.682      
0.00186704    846.369      
0.0018682     843.89       
0.00186936    841.749      
0.00187051    840.182      
0.00187166    839.101      
0.00187281    838.413      
0.00187396    838.059      
0.00187511    837.863      
0.00187625    837.64       
0.0018774     837.323      
0.00187854    837.097      
0.00187969    837.107      
0.00188083    837.453      
0.00188198    838.443      
0.00188312    840.244      
0.00188425    842.895      
0.00188537    846.197      
0.0018865     849.689      
0.00188761    852.543      
0.00188871    853.44       
0.00188981    853.714      
0.0018909     853.15       
0.00189198    851.834      
0.00189305    851.265      
0.00189412    851.454      
0.00189519    852.443      
0.00189627    854.658      
0.00189734    857.433      
0.00189842    859.664      
0.00189951    860.152      
0.0019006     860.062      
0.0019017     859.371      
0.00190281    858.122      
0.00190392    856.213      
0.00190504    852.854      
0.00190616    847.213      
0.00190727    839.847      
0.00190838    832.608      
0.00190949    829.108      
0.0019106     828.67       
0.00191171    828.979      
0.00191283    830.514      
0.00191395    833.537      
0.00191508    837.202      
0.00191621    839.258      
0.00191734    839.443      
0.00191846    839.181      
0.00191959    838.473      
0.00192072    837.506      
0.00192185    836.395      
0.00192298    835.041      
0.00192411    833.121      
0.00192525    830.45       
0.00192639    826.873      
0.00192754    822.54       
0.00192869    818.101      
0.00192984    815.181      
0.001931      814.906      
0.00193216    815.186      
0.00193331    816.074      
0.00193447    817.827      
0.00193563    820.335      
0.00193679    823.368      
0.00193796    826.733      
0.00193912    830.233      
0.00194028    833.836      
0.00194145    837.582      
0.00194261    841.6        
0.00194377    845.972      
0.00194493    850.528      
0.00194608    854.827      
0.00194723    858.274      
0.00194837    860.7        
0.00194951    862.536      
0.00195065    864.147      
0.00195178    865.636      
0.00195291    866.621      
0.00195404    866.747      
0.00195516    866.482      
0.00195629    865.34       
0.00195741    862.903      
0.00195853    858.85       
0.00195965    853.007      
0.00196077    845.542      
0.00196189    837.413      
0.00196301    830.426      
0.00196413    826.308      
0.00196524    825.079      
0.00196636    824.334      
0.00196747    822.032      
0.00196858    816.654      
0.0019697     808.75       
0.00197081    802.669      
0.00197193    801.602      
0.00197304    801.646      
0.00197415    802.266      
0.00197527    803.702      
0.00197638    805.562      
0.0019775     807.454      
0.00197861    809.159      
0.00197972    810.687      
0.00198084    812.158      
0.00198195    813.64       
0.00198307    814.955      
0.00198418    815.393      
0.00198529    815.468      
0.00198641    815.099      
0.00198752    814.158      
0.00198864    812.727      
0.00198975    810.898      
0.00199086    808.938      
0.00199198    807.571      
0.00199309    807.408      
0.00199421    807.575      
0.00199532    808.271      
0.00199644    809.54       
0.00199755    811.215      
0.00199866    813.107      
0.00199978    815.143      
0.0020009     817.329      
0.00200203    819.651      
0.00200316    822.02       
0.0020043     824.254      
0.00200545    826.236      
0.00200661    827.789      
0.00200777    828.141      
0.00200893    828.1        
0.00201009    827.627      
0.00201125    826.709      
0.00201241    825.732      
0.00201356    824.674      
0.00201472    823.14       
0.00201587    821.09       
0.00201703    818.984      
0.00201818    817.463      
0.00201933    817.138      
0.00202048    817.153      
0.00202162    817.406      
0.00202277    818.174      
0.00202391    819.555      
0.00202506    821.385      
0.0020262     823.316      
0.00202734    824.441      
0.00202848    824.695      
0.00202962    824.687      
0.00203076    824.144      
0.00203191    823.055      
0.00203305    821.81       
0.00203419    821.307      
0.00203533    821.315      
0.00203648    821.523      
0.00203762    822.08       
0.00203877    822.874      
0.00203992    823.718      
0.00204106    824.564      
0.00204221    825.424      
0.00204336    826.268      
0.0020445     827.143      
0.00204565    828.177      
0.0020468     829.521      
0.00204794    831.231      
0.00204908    833.246      
0.00205023    835.446      
0.00205137    837.733      
0.00205251    840.003      
0.00205366    842.154      
0.0020548     844.096      
0.00205594    845.76       
0.00205708    847.122      
0.00205823    847.995      
0.00205938    848.122      
0.00206053    848.024      
0.00206169    847.508      
0.00206284    846.437      
0.002064      844.848      
0.00206516    842.821      
0.00206632    840.428      
0.00206748    837.848      
0.00206865    835.294      
0.00206983    833.068      
0.002071      831.886      
0.00207218    831.725      
0.00207335    831.776      
0.00207453    832.124      
0.0020757     832.896      
0.00207687    833.977      
0.00207804    835.13       
0.00207921    835.527      
0.00208038    835.415      
0.00208155    834.731      
0.00208272    833.003      
0.00208388    829.894      
0.00208505    825.211      
0.00208621    818.995      
0.00208738    811.614      
0.00208854    803.772      
0.00208971    796.448      
0.00209087    791.459      
0.00209204    790.659      
0.0020932     790.852      
0.00209436    792.177      
0.00209552    794.613      
0.00209666    797.54       
0.0020978     799.925      
0.00209893    800.392      
0.00210007    800.306      
0.0021012     799.367      
0.00210233    797.515      
0.00210346    795.387      
0.00210459    794.733      
0.00210573    794.79       
0.00210687    795.375      
0.00210802    796.91       
0.00210917    799.389      
0.00211033    802.503      
0.00211149    805.878      
0.00211265    809.197      
0.00211381    812.159      
0.00211498    814.554      
0.00211614    815.679      
0.0021173     815.838      
0.00211846    815.694      
0.00211962    814.904      
0.00212077    813.279      
0.00212193    811.06       
0.00212308    809.072      
0.00212423    808.764      
0.00212538    808.991      
0.00212653    809.968      
0.00212767    811.681      
0.00212882    813.644      
0.00212996    814.487      
0.0021311     814.553      
0.00213224    814.339      
0.00213338    813.659      
0.00213452    812.557      
0.00213566    811.289      
0.0021368     810.403      
0.00213793    810.284      
0.00213906    810.424      
0.00214018    811.072      
0.0021413     812.301      
0.00214242    814.007      
0.00214354    815.992      
0.00214466    818.127      
0.00214577    820.285      
0.00214689    822.353      
0.00214801    824.282      
0.00214913    826.066      
0.00215025    827.734      
0.00215137    829.343      
0.00215249    830.978      
0.00215361    832.752      
0.00215473    834.727      
0.00215585    836.842      
0.00215698    838.928      
0.0021581     840.719      
0.00215922    842.037      
0.00216034    842.772      
0.00216147    842.962      
0.00216259    843.04       
0.00216371    843.267      
0.00216484    844.034      
0.00216596    845.379      
0.00216708    846.002      
0.0021682     846.105      
0.00216933    845.945      
0.00217045    844.941      
0.00217157    842.626      
0.0021727     838.874      
0.00217382    833.763      
0.00217495    827.47       
0.00217607    820.456      
0.0021772     813.178      
0.00217833    806.1        
0.00217945    799.648      
0.00218058    794.124      
0.00218171    789.909      
0.00218284    788.801      
0.00218397    788.848      
0.0021851     789.383      
0.00218623    791.007      
0.00218736    793.727      
0.0021885     797.069      
0.00218963    800.681      
0.00219076    804.549      
0.00219189    808.44       
0.00219303    811.949      
0.00219416    814.803      
0.00219529    817.167      
0.00219642    819.296      
0.00219755    821.203      
0.00219867    822.812      
0.0021998     824.12       
0.00220092    825.166      
0.00220204    825.99       
0.00220315    826.741      
0.00220426    827.582      
0.00220537    828.68       
0.00220647    830.183      
0.00220756    832.412      
0.00220865    835.858      
0.00220974    840.803      
0.00221083    846.918      
0.00221193    853.316      
0.00221303    856.903      
0.00221414    857.55       
0.00221523    857.164      
0.00221632    854.47       
0.00221741    849.365      
0.00221849    843.169      
0.00221957    837.231      
0.00222065    832.31       
0.00222172    828.434      
0.00222279    825.077      
0.00222387    821.702      
0.00222494    818.326      
0.00222602    815.417      
0.00222709    813.289      
0.00222816    812.5        
0.00222923    812.609      
0.0022303     812.972      
0.00223137    814.17       
0.00223244    817.495      
0.00223352    825.645      
0.00223459    838.851      
0.00223567    853.148      
0.00223675    862.869      
0.00223783    865.562      
0.00223892    866.182      
0.00224001    865.856      
0.0022411     863.636      
0.00224219    859.773      
0.00224328    855.496      
0.00224437    851.523      
0.00224546    847.715      
0.00224655    844.134      
0.00224765    842.493      
0.00224875    842.471      
0.00224985    842.936      
0.00225096    844.314      
0.00225207    846.787      
0.00225318    849.546      
0.0022543     850.23       
0.00225541    850.176      
0.00225652    849.672      
0.00225764    848.504      
0.00225875    846.363      
0.00225987    842.776      
0.00226099    837.184      
0.0022621     829.461      
0.00226322    820.681      
0.00226434    813.113      
0.00226545    811.082      
0.00226657    810.961      
0.00226769    811.348      
0.0022688     812.663      
0.00226992    814.891      
0.00227104    817.726      
0.00227216    820.871      
0.00227329    824.145      
0.00227441    827.448      
0.00227554    830.63       
0.00227667    833.594      
0.0022778     836.348      
0.00227894    838.938      
0.00228008    841.493      
0.00228122    844.132      
0.00228237    846.988      
0.00228353    850.197      
0.00228468    853.67       
0.00228583    856.966      
0.00228698    857.913      
0.00228813    857.676      
0.00228928    855.996      
0.00229043    852.31       
0.00229159    846.684      
0.00229274    839.675      
0.00229389    832.439      
0.00229505    826.2        
0.0022962     823.705      
0.00229736    823.55       
0.00229852    824.04       
0.00229967    825.498      
0.00230083    827.958      
0.00230199    831.722      
0.00230315    837.256      
0.00230431    844.494      
0.00230547    851.982      
0.00230663    858.361      
0.00230777    862.829      
0.00230892    865.989      
0.00231006    868.835      
0.0023112     871.589      
0.00231233    874.347      
0.00231346    877.203      
0.00231459    880.23       
0.00231572    883.485      
0.00231686    887.022      
0.00231799    890.843      
0.00231912    894.894      
0.00232025    899.1        
0.00232138    903.14       
0.00232251    906.359      
0.00232364    908.617      
0.00232477    910.217      
