# Probe 0 (0 0 0.76)
# Time        0            
0             (1.91701 2.0035 205.338)
3.11448e-07   (1.65025 1.93126 205.706)
1.35164e-06   (0.791903 1.5174 206.539)
2.48375e-06   (0.248602 1.13672 207.182)
3.61504e-06   (-0.321567 0.757353 207.459)
4.74568e-06   (-0.856556 0.392984 207.49)
5.87951e-06   (-1.33008 0.0160351 207.337)
7.02685e-06   (-1.90068 -0.438127 207.201)
8.17378e-06   (-2.55035 -0.921086 207.211)
9.31807e-06   (-3.26243 -1.4575 207.504)
1.04611e-05   (-4.01337 -2.07615 208.139)
1.16026e-05   (-4.7176 -2.76264 209.091)
1.27429e-05   (-5.25733 -3.52329 210.294)
1.38821e-05   (-5.5487 -4.36513 211.645)
1.50206e-05   (-5.51903 -5.25226 212.957)
1.61587e-05   (-5.12279 -6.12991 214.172)
1.72967e-05   (-4.36901 -6.93284 215.162)
1.84347e-05   (-3.31317 -7.58608 215.86)
1.9573e-05    (-1.99613 -8.03257 216.212)
2.07117e-05   (-0.513567 -8.24572 216.204)
2.18509e-05   (0.987523 -8.24249 215.834)
2.29908e-05   (2.35786 -8.05285 215.255)
2.41315e-05   (3.40062 -7.7738 214.618)
2.52732e-05   (3.93106 -7.51776 214.09)
2.64158e-05   (3.84423 -7.36093 213.709)
2.75585e-05   (3.14903 -7.26589 213.429)
2.87009e-05   (1.97816 -7.09369 213.18)
2.9843e-05    (0.550302 -6.70842 212.837)
3.09852e-05   (-0.891768 -6.03915 212.506)
3.21274e-05   (-2.19889 -5.11788 212.197)
3.32702e-05   (-3.2448 -4.00859 211.91)
3.44136e-05   (-3.95959 -2.82777 211.658)
3.55579e-05   (-4.32448 -1.68494 211.436)
3.67029e-05   (-4.36524 -0.757018 211.201)
3.78402e-05   (-4.18227 -0.185945 210.902)
3.89664e-05   (-3.92612 -0.00515704 210.513)
4.0082e-05    (-3.73785 -0.186346 210.075)
4.1189e-05    (-3.72836 -0.624003 209.66)
4.22878e-05   (-3.88035 -1.14864 209.388)
4.33799e-05   (-4.08734 -1.65325 209.303)
4.44672e-05   (-4.22191 -2.01733 209.382)
4.55502e-05   (-4.17795 -2.20982 209.573)
4.66305e-05   (-3.86094 -2.24431 209.774)
4.77068e-05   (-3.17824 -2.13717 209.885)
4.8778e-05    (-2.08517 -1.88454 209.836)
4.98453e-05   (-0.663819 -1.43297 209.558)
5.09096e-05   (0.814001 -0.7046 208.963)
5.19714e-05   (2.08481 0.219256 208.038)
5.30317e-05   (2.87043 1.19349 206.86)
5.40915e-05   (3.04865 2.00793 205.518)
5.51508e-05   (2.67098 2.51139 204.207)
5.62103e-05   (1.94087 2.66794 203.085)
5.72707e-05   (1.15395 2.52922 202.31)
5.83325e-05   (0.534044 2.20418 201.935)
5.93951e-05   (0.179762 1.78805 201.987)
6.04572e-05   (0.0652057 1.36439 202.457)
6.152e-05     (0.0796131 0.998239 203.304)
6.25847e-05   (0.115254 0.732152 204.483)
6.3652e-05    (0.114365 0.572039 205.932)
6.47227e-05   (0.0772803 0.462935 207.558)
6.57971e-05   (0.0843207 0.355024 209.233)
6.68736e-05   (0.171249 0.176185 210.882)
6.79509e-05   (0.399548 -0.100957 212.303)
6.90298e-05   (0.743685 -0.428696 213.433)
7.01116e-05   (1.1725 -0.73537 214.355)
7.11973e-05   (1.57882 -0.951086 215.085)
7.22875e-05   (1.87126 -0.995128 215.681)
7.33831e-05   (1.97109 -0.846062 216.177)
7.44844e-05   (1.83882 -0.529626 216.562)
7.55919e-05   (1.43191 -0.108002 216.798)
7.67017e-05   (0.75046 0.341357 216.84)
7.78111e-05   (-0.166134 0.753742 216.647)
7.89204e-05   (-1.23371 1.09936 216.218)
8.00299e-05   (-2.3465 1.37877 215.575)
8.114e-05     (-3.39054 1.58452 214.749)
8.2251e-05    (-4.26582 1.6832 213.783)
8.33632e-05   (-4.89061 1.62 212.726)
8.44767e-05   (-5.20298 1.33351 211.643)
8.55919e-05   (-5.19534 0.780653 210.6)
8.67085e-05   (-4.88414 -0.0169117 209.646)
8.78265e-05   (-4.36607 -0.967926 208.773)
8.89461e-05   (-3.78094 -1.91389 207.993)
9.00674e-05   (-3.24786 -2.69924 207.252)
9.11908e-05   (-2.82303 -3.21089 206.526)
9.23138e-05   (-2.49179 -3.39261 205.834)
9.34321e-05   (-2.19359 -3.24217 205.219)
9.45459e-05   (-1.86322 -2.79983 204.715)
9.56555e-05   (-1.45397 -2.13359 204.342)
9.67604e-05   (-0.975882 -1.3333 204.07)
9.78609e-05   (-0.462645 -0.496084 203.829)
9.89574e-05   (0.0491259 0.268881 203.565)
0.000100051   (0.550247 0.888923 203.25)
0.000101141   (1.02464 1.32167 202.915)
0.000102228   (1.47334 1.57402 202.608)
0.000103314   (1.89669 1.69392 202.5)
0.000104399   (2.25586 1.73663 202.63)
0.000105483   (2.47164 1.75365 203.074)
0.000106567   (2.45852 1.73459 203.818)
0.000107652   (2.15556 1.69226 204.769)
0.000108737   (1.56615 1.6313 205.786)
0.000109825   (0.759316 1.5824 206.722)
0.000110915   (-0.134297 1.51885 207.472)
0.000112006   (-0.985741 1.44534 208.068)
0.000113096   (-1.72904 1.35333 208.475)
0.000114186   (-2.29413 1.21996 208.85)
0.000115277   (-2.63936 1.05086 209.205)
0.000116371   (-2.73061 0.859457 209.533)
0.000117468   (-2.54953 0.643223 209.771)
0.000118569   (-2.08977 0.412236 209.835)
0.000119674   (-1.3985 0.184819 209.668)
0.000120783   (-0.562824 -0.0226654 209.25)
0.000121896   (0.290297 -0.234181 208.579)
0.000123004   (1.02696 -0.459781 207.732)
0.000124107   (1.53193 -0.705295 206.836)
0.000125207   (1.77056 -0.976111 206.034)
0.000126307   (1.78225 -1.24901 205.451)
0.000127409   (1.64051 -1.49166 205.179)
0.000128518   (1.40624 -1.67211 205.251)
0.000129634   (1.11882 -1.77559 205.633)
0.000130753   (0.804835 -1.81518 206.299)
0.00013187    (0.500731 -1.81868 207.128)
0.000132987   (0.255365 -1.80006 208.018)
0.000134103   (0.133994 -1.78551 208.885)
0.000135219   (0.188309 -1.75293 209.655)
0.000136332   (0.435396 -1.66011 210.266)
0.000137445   (0.84851 -1.47229 210.651)
0.000138557   (1.35434 -1.1797 210.734)
0.000139668   (1.83994 -0.80635 210.444)
0.000140778   (2.17548 -0.393442 209.79)
0.000141888   (2.23866 0.00466025 208.617)
0.000142998   (1.92902 0.330792 207.014)
0.000144106   (1.24072 0.561596 205.055)
0.000145213   (0.158289 0.711029 202.917)
0.000146319   (-1.21001 0.833841 200.879)
0.000147424   (-2.67479 0.977007 199.276)
0.000148529   (-4.05626 1.16017 198.316)
0.000149633   (-5.14793 1.38122 198.451)
0.000150737   (-5.85196 1.60694 199.463)
0.00015184    (-6.07588 1.71037 201.268)
0.000152945   (-5.79651 1.75833 203.517)
0.00015405    (-5.08483 1.82212 205.752)
0.000155155   (-4.0662 1.96031 207.676)
0.000156262   (-2.97966 2.14871 208.959)
0.000157371   (-2.09659 2.32468 209.669)
0.00015848    (-1.40242 2.45234 210.021)
0.000159592   (-0.947604 2.4977 210.15)
0.000160706   (-0.697564 2.50271 210.164)
0.000161822   (-0.600267 2.43686 210.126)
0.000162941   (-0.620265 2.28724 210.045)
0.000164064   (-0.742611 2.05726 209.909)
0.00016519    (-0.959561 1.75914 209.716)
0.000166317   (-1.261 1.40753 209.472)
0.000167436   (-1.62053 1.01706 209.193)
0.000168548   (-2.01203 0.611349 208.898)
0.000169653   (-2.39096 0.187282 208.61)
0.000170751   (-2.71731 -0.234941 208.346)
0.000171845   (-2.95639 -0.635843 208.121)
0.000172938   (-3.0793 -0.999126 207.956)
0.00017403    (-3.06929 -1.30481 207.861)
0.000175121   (-2.92818 -1.53771 207.837)
0.000176214   (-2.66647 -1.69478 207.89)
0.000177309   (-2.30647 -1.78352 208.014)
0.00017841    (-1.86945 -1.81208 208.197)
0.000179517   (-1.36697 -1.80757 208.417)
0.000180631   (-0.796401 -1.79079 208.639)
0.000181752   (-0.145376 -1.77843 208.816)
0.000182879   (0.594151 -1.78311 208.895)
0.000184006   (1.39618 -1.81047 208.82)
0.000185132   (2.19273 -1.85434 208.544)
0.000186255   (2.94 -1.89855 208.03)
0.000187375   (3.53945 -1.90159 207.273)
0.000188492   (3.90468 -1.8256 206.327)
0.000189607   (3.98602 -1.64821 205.298)
0.000190718   (3.78141 -1.36665 204.348)
0.000191827   (3.35798 -0.985151 203.622)
0.000192933   (2.80257 -0.531029 203.256)
0.000194039   (2.23573 -0.0400653 203.347)
0.000195143   (1.74513 0.436485 203.943)
0.000196247   (1.38274 0.839525 205.005)
0.000197352   (1.11466 1.13518 206.419)
0.000198456   (0.849788 1.32668 207.978)
0.00019956    (0.487409 1.45051 209.497)
0.000200663   (-0.0203183 1.54833 210.674)
0.000201765   (-0.647607 1.63962 211.538)
0.000202867   (-1.32906 1.71899 212.08)
0.000203968   (-1.982 1.77659 212.355)
0.00020507    (-2.56397 1.80691 212.43)
0.000206172   (-3.01115 1.80783 212.324)
0.000207274   (-3.29116 1.77375 212.012)
0.000208377   (-3.38226 1.69423 211.443)
0.00020948    (-3.26374 1.55661 210.561)
0.000210583   (-2.92262 1.34821 209.327)
0.000211687   (-2.36222 1.0567 207.731)
0.000212794   (-1.61623 0.673262 205.81)
0.000213901   (-0.7478 0.19386 203.633)
0.00021501    (0.157872 -0.38054 201.309)
0.00021612    (1.0038 -1.02341 198.956)
0.000217232   (1.7132 -1.67441 196.697)
0.000218346   (2.2545 -2.27961 194.614)
0.00021946    (2.6417 -2.78218 192.749)
0.000220576   (2.89638 -3.14143 191.105)
0.000221692   (3.02593 -3.32155 189.694)
0.00022281    (3.01748 -3.31553 188.541)
0.000223929   (2.84135 -3.08339 187.714)
0.000225049   (2.42553 -2.63451 187.317)
0.000226171   (1.75607 -2.02649 187.502)
0.000227295   (0.918402 -1.42139 188.589)
0.000228421   (0.143882 -1.06378 190.675)
0.000229549   (-0.296506 -1.11278 193.813)
0.000230679   (-0.308211 -1.49497 197.692)
0.000231811   (-0.164081 -1.8271 201.704)
0.000232945   (-0.131587 -1.81976 205.229)
0.000234082   (-0.349511 -1.38431 207.804)
0.00023522    (-0.716145 -0.652635 209.148)
0.000236358   (-1.05217 0.165138 209.672)
0.000237497   (-1.2205 0.894604 209.643)
0.000238637   (-1.25989 1.50279 209.298)
0.000239777   (-1.1643 1.94275 208.789)
0.000240918   (-0.978127 2.21033 208.187)
0.00024206    (-0.746019 2.31621 207.532)
0.000243203   (-0.500807 2.27805 206.855)
0.000244347   (-0.265635 2.12452 206.197)
0.000245489   (-0.0573393 1.89686 205.611)
0.00024663    (0.119633 1.63549 205.143)
0.00024777    (0.266754 1.38582 204.816)
0.00024891    (0.39762 1.18523 204.643)
0.00025005    (0.525957 1.05489 204.602)
0.000251192   (0.661447 1.00349 204.644)
0.000252335   (0.815709 1.02926 204.715)
0.000253481   (1.00218 1.12111 204.756)
0.000254628   (1.23815 1.2435 204.712)
0.000255776   (1.54218 1.35225 204.523)
0.000256927   (1.92534 1.36847 204.146)
0.000258078   (2.38353 1.21782 203.566)
0.00025923    (2.89505 0.85139 202.798)
0.000260382   (3.41287 0.281513 201.898)
0.000261532   (3.88825 -0.438996 200.939)
0.000262681   (4.27671 -1.19583 199.993)
0.000263829   (4.54667 -1.85433 199.151)
0.000264978   (4.70393 -2.33633 198.542)
0.000266127   (4.7364 -2.60131 198.212)
0.000267277   (4.67568 -2.66657 198.286)
0.000268429   (4.56699 -2.57843 198.777)
0.00026958    (4.45129 -2.42679 199.743)
0.000270731   (4.37365 -2.28106 201.156)
0.000271882   (4.33467 -2.15094 202.915)
0.000273032   (4.29949 -1.99197 204.851)
0.000274182   (4.22543 -1.73591 206.729)
0.000275331   (4.09602 -1.33538 208.356)
0.000276481   (3.91498 -0.796651 209.593)
0.00027763    (3.71474 -0.187844 210.404)
0.000278779   (3.54329 0.400572 210.867)
0.000279928   (3.4498 0.910082 211.077)
0.000281077   (3.44674 1.31543 211.138)
0.000282225   (3.53632 1.61286 211.126)
0.000283373   (3.69574 1.82604 211.088)
0.00028452    (3.88496 1.98134 211.039)
0.000285667   (4.07985 2.10739 210.98)
0.000286814   (4.24284 2.22624 210.904)
0.00028796    (4.33886 2.35148 210.794)
0.000289107   (4.33144 2.48812 210.634)
0.000290254   (4.20255 2.63927 210.406)
0.000291403   (3.94384 2.79495 210.101)
0.000292551   (3.55725 2.95962 209.72)
0.000293698   (3.06193 3.11948 209.254)
0.000294845   (2.49034 3.26149 208.696)
0.000295991   (1.873 3.37125 208.085)
0.000297138   (1.2348 3.42402 207.437)
0.000298285   (0.618021 3.39236 206.805)
0.000299433   (0.05415 3.24922 206.235)
0.000300582   (-0.439731 2.99752 205.765)
0.000301731   (-0.849507 2.62468 205.446)
0.000302881   (-1.16974 2.16909 205.337)
0.000304032   (-1.39828 1.69055 205.47)
0.000305184   (-1.52128 1.22423 205.871)
0.000306338   (-1.53375 0.815846 206.49)
0.000307494   (-1.39966 0.475872 207.383)
0.000308651   (-1.13232 0.178336 208.36)
0.000309808   (-0.743178 -0.122381 209.329)
0.000310967   (-0.27476 -0.46065 210.16)
0.000312129   (0.218974 -0.827343 210.758)
0.000313292   (0.6598 -1.15999 211.072)
0.000314456   (0.976941 -1.37325 211.116)
0.000315623   (1.15278 -1.40696 210.882)
0.000316789   (1.19225 -1.23983 210.473)
0.000317954   (1.12925 -0.907727 209.992)
0.000319118   (1.00494 -0.455526 209.537)
0.000320282   (0.85659 0.0548153 209.183)
0.000321446   (0.702198 0.539979 209.023)
0.000322609   (0.542089 0.936713 209.065)
0.000323771   (0.361589 1.20599 209.288)
0.000324931   (0.150559 1.30978 209.682)
0.000326091   (-0.104068 1.2433 210.217)
0.000327251   (-0.397875 1.03416 210.88)
0.00032841    (-0.710562 0.72773 211.662)
0.000329569   (-1.01665 0.386909 212.55)
0.000330729   (-1.28373 0.0669363 213.497)
0.000331889   (-1.47409 -0.198759 214.446)
0.000333051   (-1.55139 -0.395438 215.336)
0.000334213   (-1.48842 -0.528921 216.111)
0.000335376   (-1.29653 -0.630845 216.786)
0.000336539   (-1.00484 -0.68575 217.296)
0.000337702   (-0.675546 -0.743345 217.68)
0.000338863   (-0.319661 -0.809087 217.978)
0.000340025   (0.0437658 -0.895067 218.176)
0.000341185   (0.40382 -1.01426 218.265)
0.000342348   (0.75857 -1.17237 218.236)
0.000343512   (1.10952 -1.36381 218.089)
0.000344676   (1.45647 -1.58022 217.837)
0.00034584    (1.79586 -1.80796 217.506)
0.000347004   (2.11381 -2.02877 217.126)
0.000348168   (2.39571 -2.21655 216.727)
0.000349334   (2.62695 -2.34173 216.332)
0.000350499   (2.7974 -2.37808 215.952)
0.000351664   (2.90587 -2.30672 215.585)
0.000352831   (2.95748 -2.12893 215.221)
0.000353997   (2.96062 -1.85994 214.853)
0.000355164   (2.92148 -1.52795 214.483)
0.000356331   (2.84737 -1.16317 214.121)
0.000357498   (2.74032 -0.781813 213.797)
0.000358665   (2.5957 -0.400363 213.553)
0.000359829   (2.40901 -0.0372435 213.426)
0.000360985   (2.17543 0.287956 213.456)
0.000362131   (1.89087 0.562367 213.664)
0.000363268   (1.54905 0.780509 214.059)
0.000364395   (1.15521 0.941463 214.626)
0.000365509   (0.723486 1.05904 215.327)
0.000366614   (0.271198 1.15836 216.104)
0.000367714   (-0.186552 1.26538 216.882)
0.000368813   (-0.638892 1.39336 217.588)
0.000369915   (-1.0875 1.53692 218.171)
0.000371024   (-1.53898 1.68418 218.619)
0.000372142   (-1.98925 1.82349 218.945)
0.000373274   (-2.41891 1.95166 219.174)
0.000374418   (-2.79494 2.0748 219.331)
0.000375565   (-3.08331 2.20467 219.44)
0.000376712   (-3.26642 2.35203 219.515)
0.000377863   (-3.34644 2.51829 219.555)
0.000379018   (-3.34683 2.68942 219.539)
0.000380173   (-3.3079 2.83741 219.435)
0.000381325   (-3.27759 2.92554 219.214)
0.000382475   (-3.29701 2.92426 218.861)
0.000383623   (-3.39225 2.82346 218.389)
0.000384769   (-3.56928 2.6419 217.848)
0.000385913   (-3.8142 2.42751 217.307)
0.000387054   (-4.09871 2.24767 216.84)
0.000388195   (-4.37762 2.16731 216.505)
0.000389334   (-4.58726 2.22452 216.32)
0.000390471   (-4.63233 2.42134 216.259)
0.000391608   (-4.38729 2.72305 216.25)
0.000392744   (-3.71665 3.07883 216.158)
0.00039388    (-2.51622 3.4335 215.791)
0.000395015   (-0.79538 3.75341 214.966)
0.00039615    (1.23844 4.02602 213.599)
0.000397285   (3.22939 4.25076 211.782)
0.000398419   (4.83547 4.43124 209.833)
0.000399555   (5.91857 4.51473 208.068)
0.000400691   (6.47298 4.38633 206.691)
0.000401827   (6.59614 3.89213 205.745)
0.000402965   (6.38444 3.03298 205.31)
0.000404103   (5.95167 1.87396 205.339)
0.000405242   (5.42818 0.665259 205.924)
0.000406383   (4.91765 -0.300878 207.086)
0.000407525   (4.43458 -0.789194 208.698)
0.000408669   (3.87709 -0.754035 210.489)
0.000409811   (3.08178 -0.349673 212.097)
0.000410952   (2.0184 0.141031 213.326)
0.000412092   (0.77308 0.558386 214.028)
0.000413232   (-0.476638 0.775078 214.444)
0.00041437    (-1.58916 0.8106 214.668)
0.000415508   (-2.52151 0.724135 214.787)
0.000416646   (-3.23559 0.571587 214.837)
0.000417783   (-3.70233 0.348608 214.846)
0.000418921   (-3.89707 0.0214369 214.851)
0.000420058   (-3.80269 -0.478836 214.886)
0.000421197   (-3.43753 -1.2127 214.951)
0.000422336   (-2.8435 -2.19579 215.012)
0.000423476   (-2.10453 -3.27426 215.015)
0.000424617   (-1.36185 -4.30152 214.944)
0.000425757   (-0.803911 -4.98058 214.789)
0.000426897   (-0.595565 -5.15165 214.568)
0.000428036   (-0.734192 -4.76247 214.414)
0.000429175   (-1.07686 -3.98112 214.33)
0.000430313   (-1.48375 -2.93152 214.498)
0.000431453   (-1.78591 -1.84443 214.963)
0.000432592   (-1.93303 -0.88369 215.696)
0.000433733   (-1.90995 -0.142676 216.596)
0.000434874   (-1.73964 0.349526 217.532)
0.000436016   (-1.44535 0.593004 218.382)
0.000437159   (-1.06149 0.628148 219.071)
0.000438304   (-0.610563 0.497511 219.58)
0.00043945    (-0.124026 0.265679 219.923)
0.000440597   (0.35571 -5.78822e-05 220.108)
0.000441746   (0.80091 -0.253473 220.112)
0.000442898   (1.18314 -0.45607 219.913)
0.00044405    (1.45301 -0.572753 219.534)
0.0004452     (1.57752 -0.585541 219.028)
0.000446347   (1.55761 -0.492388 218.451)
0.000447491   (1.42505 -0.317543 217.834)
0.000448635   (1.21678 -0.10463 217.187)
0.000449779   (0.956225 0.0887907 216.518)
0.000450923   (0.664822 0.206088 215.841)
0.000452069   (0.374709 0.193178 215.199)
0.000453218   (0.111168 0.0132257 214.613)
0.000454371   (-0.116981 -0.331861 214.094)
0.000455522   (-0.31726 -0.805056 213.667)
0.000456667   (-0.507544 -1.31999 213.303)
0.000457807   (-0.720193 -1.76547 213.066)
0.000458942   (-0.982518 -2.04724 212.956)
0.000460073   (-1.30547 -2.12843 212.982)
0.000461199   (-1.67702 -2.01742 213.16)
0.00046232    (-2.05863 -1.7915 213.483)
0.000463439   (-2.41596 -1.57721 213.932)
0.000464554   (-2.71574 -1.47861 214.46)
0.000465668   (-2.9365 -1.57845 215.003)
0.00046678    (-3.06936 -1.89543 215.491)
0.000467891   (-3.11723 -2.39956 215.874)
0.000469002   (-3.08544 -3.01425 216.112)
0.000470113   (-2.97819 -3.62518 216.186)
0.000471224   (-2.79727 -4.14031 216.074)
0.000472338   (-2.5625 -4.48686 215.779)
0.000473455   (-2.28621 -4.6375 215.297)
0.000474577   (-2.01507 -4.61477 214.715)
0.000475703   (-1.80953 -4.45577 214.077)
0.000476835   (-1.70456 -4.14566 213.395)
0.000477974   (-1.73218 -3.67748 212.67)
0.000479115   (-1.89998 -3.02275 211.9)
0.000480261   (-2.19499 -2.14279 211.075)
0.000481409   (-2.56778 -1.05738 210.208)
0.000482557   (-2.98239 0.155424 209.326)
0.000483702   (-3.40985 1.36357 208.434)
0.000484846   (-3.84245 2.43878 207.557)
0.000485994   (-4.28655 3.27259 206.898)
0.000487142   (-4.76412 3.84418 206.426)
0.00048829    (-5.26746 4.14656 206.237)
0.000489438   (-5.7575 4.22808 206.399)
0.000490586   (-6.14474 4.16425 206.935)
0.000491734   (-6.29333 4.01415 207.814)
0.000492882   (-6.05033 3.79361 208.906)
0.00049403    (-5.30855 3.48452 210.008)
0.000495178   (-4.10897 3.08431 210.896)
0.000496309   (-2.74067 2.64182 211.386)
0.000497427   (-1.54593 2.1985 211.52)
0.000498546   (-0.913801 1.80531 211.385)
0.000499664   (-1.02852 1.50674 211.069)
0.000500801   (-1.86262 1.39093 210.76)
0.000501943   (-3.1832 1.55838 210.465)
0.000503079   (-4.56511 2.01417 210.247)
0.000504211   (-5.83535 2.711 209.988)
0.00050534    (-6.79254 3.56586 209.535)
0.000506467   (-7.37766 4.48434 208.763)
0.000507593   (-7.56902 5.39101 207.601)
0.000508719   (-7.37111 6.2497 206.054)
0.000509847   (-6.8122 7.02055 204.182)
0.000510977   (-5.92053 7.70907 202.091)
0.000512109   (-4.73023 8.25819 199.908)
0.000513246   (-3.27691 8.61375 197.79)
0.000514386   (-1.6023 8.7103 195.939)
0.000515531   (0.230247 8.56054 194.585)
0.00051668    (2.12963 8.2873 193.884)
0.000517829   (3.82047 8.03921 194.053)
0.000518977   (4.97794 7.88791 195.182)
0.000520125   (5.27764 7.66478 196.854)
0.000521273   (4.49573 7.14256 198.81)
0.000522421   (2.73799 6.23231 200.788)
0.000523571   (0.614655 5.14373 202.755)
0.000524721   (-1.11766 4.24256 204.776)
0.000525872   (-1.98156 3.68539 206.797)
0.000527024   (-2.08063 3.26504 208.48)
0.000528177   (-1.80034 2.80099 209.16)
0.00052933    (-1.32031 1.91811 208.97)
0.000530483   (-0.738 0.620804 207.913)
0.000531637   (0.0326212 -0.973517 206.338)
0.00053279    (1.06245 -2.70167 204.704)
0.000533943   (2.334 -4.44525 203.305)
0.000535094   (3.71495 -6.0429 202.511)
0.000536244   (4.97321 -7.31429 202.383)
0.000537393   (6.06321 -8.04239 202.779)
0.000538541   (6.87384 -8.1491 203.676)
0.000539687   (7.30933 -7.73772 204.891)
0.000540833   (7.23169 -7.00547 206.328)
0.000541978   (6.58172 -6.22162 207.378)
0.000543122   (5.53894 -5.34446 208.161)
0.000544266   (4.26076 -4.41314 208.673)
0.000545412   (3.05297 -3.43256 209.013)
0.000546559   (2.08641 -2.47282 209.198)
0.000547707   (1.40754 -1.59468 209.214)
0.000548857   (0.985028 -0.844953 209.033)
0.000550008   (0.75993 -0.251715 208.668)
0.000551159   (0.675026 0.177317 208.168)
0.00055231    (0.701759 0.428913 207.604)
0.000553463   (0.796559 0.497988 207.046)
0.000554616   (0.933334 0.41608 206.546)
0.00055577    (1.09722 0.233859 206.128)
0.000556923   (1.31523 0.0225566 205.756)
0.000558076   (1.63217 -0.129288 205.393)
0.000559229   (2.07098 -0.17051 205.047)
0.000560382   (2.60056 -0.0797401 204.787)
0.000561535   (3.15787 0.0752664 204.74)
0.000562679   (3.67375 0.184705 204.934)
0.000563816   (4.10672 0.129731 205.387)
0.000564945   (4.44526 -0.151237 206.04)
0.000566067   (4.69458 -0.667933 206.817)
0.000567183   (4.83721 -1.3908 207.646)
0.000568294   (4.85711 -2.25339 208.506)
0.000569402   (4.71003 -3.13585 209.399)
0.000570508   (4.33245 -3.96859 210.329)
0.000571613   (3.65042 -4.64598 211.286)
0.000572718   (2.63573 -5.06598 212.225)
0.000573823   (1.3499 -5.14693 213.089)
0.000574924   (-0.0899128 -4.82438 213.742)
0.00057602    (-1.47333 -4.14575 214.094)
0.000577111   (-2.59452 -3.26529 214.192)
0.000578197   (-3.29908 -2.39429 214.113)
0.000579282   (-3.51917 -1.73602 213.975)
0.000580365   (-3.33252 -1.37249 213.848)
0.000581448   (-2.9176 -1.28493 213.777)
0.000582532   (-2.33646 -1.36089 213.822)
0.000583616   (-1.69323 -1.53477 213.978)
0.000584703   (-1.03756 -1.73068 214.221)
0.000585791   (-0.411722 -1.86216 214.497)
0.000586881   (0.116915 -1.93064 214.745)
0.000587973   (0.460301 -1.93431 214.932)
0.000589068   (0.555853 -1.86457 215.043)
0.000590164   (0.38205 -1.72999 215.071)
0.000591263   (-0.0402976 -1.55563 215.012)
0.000592365   (-0.64008 -1.37418 214.886)
0.000593468   (-1.31314 -1.21437 214.693)
0.000594574   (-1.97934 -1.1055 214.485)
0.000595682   (-2.52624 -1.05638 214.261)
0.000596793   (-2.90302 -1.04619 214.069)
0.000597907   (-3.08986 -1.06869 213.949)
0.000599023   (-3.10631 -1.10352 213.908)
0.000600141   (-3.00502 -1.10554 213.93)
0.000601261   (-2.861 -1.04222 213.976)
0.000602383   (-2.73229 -0.907677 213.986)
0.000603504   (-2.65941 -0.734119 213.912)
0.000604625   (-2.64505 -0.578154 213.724)
0.000605745   (-2.67309 -0.493828 213.43)
0.000606867   (-2.72829 -0.509648 213.066)
0.000607989   (-2.79608 -0.619937 212.677)
0.000609112   (-2.85847 -0.79652 212.304)
0.000610236   (-2.90081 -0.997212 211.966)
0.000611362   (-2.90309 -1.17095 211.657)
0.000612491   (-2.84381 -1.27317 211.346)
0.000613619   (-2.70821 -1.27846 211.013)
0.000614747   (-2.48827 -1.19922 210.669)
0.000615874   (-2.19657 -1.04392 210.276)
0.000616999   (-1.85933 -0.846413 209.87)
0.000618125   (-1.50306 -0.651349 209.466)
0.000619252   (-1.16985 -0.505773 209.081)
0.000620384   (-0.892451 -0.444717 208.743)
0.000621523   (-0.68917 -0.486599 208.483)
0.000622666   (-0.555997 -0.65948 208.33)
0.000623807   (-0.445124 -0.940022 208.332)
0.000624948   (-0.313986 -1.29712 208.524)
0.00062609    (-0.136243 -1.70745 208.921)
0.000627232   (0.0907987 -2.16205 209.534)
0.000628373   (0.35045 -2.66223 210.378)
0.000629514   (0.618964 -3.1873 211.42)
0.000630655   (0.904021 -3.68958 212.684)
0.000631796   (1.2049 -4.08714 214.011)
0.000632937   (1.51323 -4.24949 215.26)
0.000634078   (1.78842 -4.061 216.267)
0.00063522    (1.97358 -3.4524 216.886)
0.000636362   (2.01183 -2.43741 217.062)
0.000637504   (1.87532 -1.13812 216.907)
0.000638647   (1.58848 0.227166 216.564)
0.00063979    (1.22609 1.4382 216.207)
0.000640933   (0.836191 2.30678 215.9)
0.000642074   (0.441525 2.75161 215.663)
0.00064321    (0.049604 2.81107 215.477)
0.000644342   (-0.352527 2.59792 215.176)
0.000645473   (-0.720272 2.27176 214.859)
0.000646602   (-1.06485 1.88012 214.481)
0.000647731   (-1.38324 1.50249 214.037)
0.000648859   (-1.68758 1.15463 213.537)
0.000649981   (-1.98632 0.816876 212.974)
0.000651095   (-2.29043 0.467647 212.338)
0.000652202   (-2.60797 0.0854011 211.624)
0.000653303   (-2.94076 -0.336327 210.83)
0.000654399   (-3.27056 -0.78899 209.959)
0.000655491   (-3.56342 -1.24062 209.03)
0.000656577   (-3.79688 -1.65614 208.068)
0.000657657   (-3.97134 -2.00619 207.097)
0.000658733   (-4.09556 -2.27866 206.122)
0.000659806   (-4.20655 -2.49809 205.152)
0.000660878   (-4.36901 -2.69617 204.219)
0.000661949   (-4.6206 -2.90811 203.364)
0.000663023   (-4.95807 -3.14828 202.62)
0.0006641     (-5.32601 -3.41261 202.014)
0.000665183   (-5.67489 -3.68186 201.571)
0.000666272   (-5.91407 -3.90346 201.284)
0.000667365   (-5.97149 -4.05486 201.136)
0.00066846    (-5.8027 -4.14372 201.092)
0.000669557   (-5.39822 -4.19917 201.18)
0.000670658   (-4.79562 -4.23324 201.305)
0.000671761   (-4.04667 -4.29117 201.467)
0.000672866   (-3.20851 -4.3568 201.661)
0.000673975   (-2.3292 -4.40669 201.89)
0.000675088   (-1.46498 -4.40552 202.178)
0.000676207   (-0.63372 -4.30773 202.565)
0.000677332   (0.101512 -4.11816 203.071)
0.000678464   (0.689478 -3.87508 203.738)
0.000679601   (1.11337 -3.63532 204.62)
0.000680739   (1.38875 -3.44776 205.555)
0.000681878   (1.54071 -3.35193 206.593)
0.000683018   (1.59308 -3.37883 207.644)
0.000684159   (1.56078 -3.49484 208.662)
0.000685301   (1.45385 -3.67691 209.615)
0.000686445   (1.28584 -3.85293 210.472)
0.000687591   (1.07286 -3.91585 211.192)
0.000688737   (0.849371 -3.79887 211.726)
0.000689882   (0.655934 -3.49534 212.044)
0.000691027   (0.547385 -3.05812 212.156)
0.000692173   (0.556362 -2.56382 212.093)
0.000693319   (0.681212 -2.11773 211.913)
0.000694465   (0.861905 -1.77884 211.694)
0.000695613   (1.03495 -1.59202 211.483)
0.000696763   (1.16722 -1.54256 211.311)
0.000697913   (1.26176 -1.5859 211.171)
0.000699064   (1.35633 -1.66029 211.036)
0.000700215   (1.5035 -1.737 210.862)
0.000701367   (1.7453 -1.78808 210.608)
0.000702519   (2.10138 -1.79636 210.254)
0.000703672   (2.5602 -1.74834 209.807)
0.000704825   (3.08213 -1.63087 209.286)
0.000705979   (3.60984 -1.43831 208.725)
0.000707134   (4.08101 -1.17717 208.151)
0.000708289   (4.4393 -0.863764 207.576)
0.000709445   (4.64389 -0.515617 207.002)
0.0007106     (4.67015 -0.142531 206.43)
0.000711754   (4.50404 0.25454 205.851)
0.000712907   (4.14079 0.679999 205.27)
0.000714058   (3.58302 1.13219 204.681)
0.000715207   (2.85183 1.58772 204.094)
0.000716356   (1.97653 2.01971 203.55)
0.000717503   (1.00175 2.37229 203.109)
0.000718647   (-0.028709 2.61812 202.803)
0.000719789   (-1.03581 2.67457 202.675)
0.00072093    (-1.95932 2.5482 202.778)
0.000722071   (-2.69223 2.25012 203.087)
0.000723213   (-3.16618 1.81486 203.491)
0.000724354   (-3.34529 1.30588 203.837)
0.000725494   (-3.22192 0.773611 203.991)
0.000726633   (-2.85622 0.314938 203.935)
0.000727771   (-2.37427 -0.0305385 203.54)
0.000728909   (-1.79291 -0.28987 202.98)
0.000730046   (-1.2026 -0.479439 202.308)
0.000731183   (-0.66128 -0.638149 201.616)
0.000732319   (-0.218433 -0.815616 201.011)
0.000733456   (0.0786591 -1.0511 200.594)
0.000734592   (0.198146 -1.3646 200.452)
0.000735729   (0.151127 -1.74713 200.651)
0.000736866   (0.0024413 -2.15806 201.229)
0.000738002   (-0.14872 -2.53491 202.178)
0.000739137   (-0.208656 -2.81835 203.441)
0.000740272   (-0.127454 -2.9862 204.894)
0.000741406   (0.0845701 -3.07167 206.368)
0.00074254    (0.374213 -3.14528 207.687)
0.000743673   (0.682805 -3.2747 208.72)
0.000744805   (0.979088 -3.49496 209.413)
0.000745937   (1.2516 -3.80151 209.786)
0.000747069   (1.49244 -4.1757 209.892)
0.0007482     (1.69046 -4.59588 209.811)
0.000749331   (1.83704 -5.03821 209.591)
0.000750463   (1.92002 -5.48821 209.28)
0.000751594   (1.93262 -5.91305 208.919)
0.000752726   (1.87999 -6.28823 208.53)
0.000753859   (1.77321 -6.5783 208.123)
0.000754993   (1.62662 -6.7481 207.683)
0.000756127   (1.45022 -6.74959 207.196)
0.000757263   (1.26475 -6.53896 206.58)
0.000758399   (1.10747 -6.07335 205.743)
0.000759537   (0.998507 -5.32703 204.625)
0.000760675   (0.983819 -4.25506 203.166)
0.000761814   (1.08898 -2.86548 201.403)
0.000762954   (1.32256 -1.25845 199.477)
0.000764094   (1.60258 0.3967 197.674)
0.000765235   (1.8257 1.77114 196.271)
0.000766375   (1.92101 2.55016 195.567)
0.000767515   (1.94661 2.53908 195.861)
0.000768656   (1.99802 1.7674 197.067)
0.000769798   (2.16836 0.49358 199.148)
0.00077094    (2.35095 -0.838973 201.826)
0.000772082   (2.374 -1.83921 204.75)
0.000773226   (2.07152 -2.43271 207.551)
0.00077437    (1.45562 -2.68392 209.548)
0.000775515   (0.705705 -2.741 210.789)
0.000776661   (0.017202 -2.69803 211.262)
0.000777808   (-0.494253 -2.58127 211.096)
0.000778956   (-0.830639 -2.41375 210.451)
0.000780106   (-0.961156 -2.23896 209.442)
0.000781255   (-0.887819 -2.10619 208.161)
0.000782405   (-0.590633 -2.04313 206.681)
0.000783554   (-0.043269 -2.0537 205.084)
0.000784704   (0.752185 -2.13116 203.484)
0.000785855   (1.74134 -2.23141 201.992)
0.000787006   (2.80842 -2.3657 200.778)
0.000788157   (3.79942 -2.48145 199.923)
0.000789306   (4.45768 -2.50399 199.612)
0.000790452   (4.52022 -2.25006 199.897)
0.000791596   (3.72723 -1.51518 200.667)
0.000792738   (1.96551 -0.254699 201.671)
0.000793878   (-0.49137 1.08554 202.704)
0.000795016   (-2.90027 1.89142 203.572)
0.000796153   (-4.73679 1.96479 204.216)
0.000797288   (-5.85421 1.67433 204.455)
0.000798422   (-6.32149 1.57957 204.055)
0.000799554   (-6.22979 2.0568 202.938)
0.000800685   (-5.62558 3.11987 201.138)
0.000801815   (-4.59643 4.44688 198.929)
0.000802943   (-3.25246 5.66691 196.668)
0.00080407    (-1.87025 6.42957 194.637)
0.000805197   (-0.639637 6.49623 193.354)
0.000806323   (0.34131 5.79923 193)
0.000807447   (1.13283 4.62271 193.807)
0.000808571   (1.96867 3.38929 195.906)
0.000809685   (2.72822 2.28937 198.931)
0.000810796   (3.14388 1.3105 202.394)
0.000811916   (2.7824 0.276646 205.064)
0.000813044   (1.64253 -0.715739 206.295)
0.000814183   (0.282179 -1.35094 206.623)
0.000815319   (-0.953476 -1.69133 206.466)
0.000816451   (-1.70714 -1.73157 206.311)
0.000817577   (-1.95794 -1.59176 206.339)
0.000818698   (-1.86009 -1.34942 206.525)
0.000819816   (-1.60874 -1.02024 206.792)
0.00082093    (-1.35153 -0.602897 207.064)
0.000822042   (-1.19615 -0.07736 207.306)
0.000823153   (-1.14065 0.542453 207.544)
0.000824262   (-1.13028 1.17257 207.713)
0.000825372   (-1.07214 1.74617 207.876)
0.000826485   (-0.880979 2.21231 208.071)
0.0008276     (-0.502916 2.55385 208.342)
0.000828715   (0.0492994 2.7822 208.695)
0.000829826   (0.675572 2.92612 209.068)
0.000830934   (1.37539 3.023 209.435)
0.000832038   (2.0705 3.10164 209.805)
0.000833138   (2.73808 3.18189 210.082)
0.000834236   (3.35328 3.2251 210.28)
0.000835333   (3.89773 3.22414 210.46)
0.000836432   (4.33837 3.15819 210.62)
0.000837533   (4.63704 3.02787 210.777)
0.00083864    (4.76189 2.84083 210.942)
0.000839754   (4.70337 2.61852 211.111)
0.000840873   (4.49275 2.39061 211.27)
0.000841988   (4.20818 2.18201 211.395)
0.000843101   (3.95286 2.00611 211.456)
0.000844216   (3.80966 1.8657 211.411)
0.000845335   (3.85849 1.74306 211.206)
0.00084646    (4.14414 1.61825 210.791)
0.000847591   (4.65531 1.47599 210.126)
0.000848729   (5.33355 1.31733 209.215)
0.000849866   (6.07629 1.16914 208.137)
0.000851      (6.78048 1.06462 206.984)
0.000852133   (7.37215 1.01951 205.846)
0.000853264   (7.82306 1.03217 204.812)
0.000854395   (8.14579 1.07703 203.917)
0.000855525   (8.36707 1.12211 203.153)
0.000856655   (8.49732 1.14931 202.477)
0.000857786   (8.53264 1.15692 201.83)
0.000858917   (8.46556 1.18522 201.15)
0.000860048   (8.26774 1.2755 200.394)
0.000861179   (7.91451 1.45551 199.542)
0.000862308   (7.35528 1.72759 198.63)
0.000863432   (6.56495 2.10271 197.725)
0.000864553   (5.51054 2.51946 196.908)
0.00086569    (4.15762 2.85491 196.358)
0.00086683    (2.57688 2.91026 196.248)
0.000867964   (0.949998 2.56693 196.748)
0.000869094   (-0.453907 1.61251 197.944)
0.000870221   (-1.47058 0.207146 199.725)
0.000871348   (-1.86679 -1.28382 201.908)
0.000872476   (-1.83957 -2.51142 204.249)
0.000873606   (-1.58819 -3.33044 206.529)
0.000874736   (-1.27652 -3.81274 208.597)
0.000875859   (-1.02659 -4.13717 210.146)
0.000876977   (-0.881971 -4.40926 211.263)
0.000878089   (-0.815484 -4.6674 211.892)
0.000879194   (-0.753028 -4.91404 212.002)
0.000880296   (-0.648109 -5.10411 211.613)
0.000881394   (-0.513135 -5.19208 210.77)
0.000882489   (-0.393178 -5.13562 209.564)
0.000883584   (-0.320057 -4.90267 208.076)
0.000884678   (-0.278617 -4.47747 206.379)
0.000885773   (-0.207814 -3.85722 204.525)
0.000886869   (-0.0353255 -3.04458 202.569)
0.000887968   (0.324965 -2.05773 200.57)
0.000889071   (0.905861 -0.92238 198.579)
0.000890177   (1.66488 0.34768 196.679)
0.000891288   (2.50818 1.75232 194.889)
0.000892404   (3.30877 3.28504 193.253)
0.000893525   (3.88617 4.86275 191.893)
0.000894651   (4.08268 6.34375 190.818)
0.000895784   (3.81118 7.57659 190.248)
0.000896921   (3.06606 8.36775 190.237)
0.000898057   (2.00735 8.58186 190.694)
0.000899192   (0.85149 8.25592 191.592)
0.000900326   (-0.15439 7.52064 192.771)
0.00090146    (-0.717242 6.70175 194.099)
0.000902594   (-0.841233 5.83275 195.34)
0.000903729   (-0.572062 5.03085 196.251)
0.000904865   (0.0102999 4.27307 197.037)
0.000906002   (0.800486 3.51971 197.792)
0.00090714    (1.69005 2.70641 198.686)
0.00090828    (2.48668 1.78178 199.903)
0.000909422   (3.11484 0.858264 201.477)
0.000910565   (3.50223 0.221456 203.219)
0.000911709   (3.56012 0.155403 205.148)
0.000912852   (3.28079 0.751726 207.195)
0.000913994   (2.6762 1.80875 209.199)
0.000915136   (1.94044 2.93835 211.242)
0.000916279   (1.19902 3.82671 212.718)
0.000917422   (0.582796 4.47808 213.865)
0.000918565   (0.0193933 4.85031 214.662)
0.00091971    (-0.476547 5.04642 215.145)
0.000920855   (-0.928827 5.12236 215.388)
0.000922002   (-1.32195 5.12408 215.481)
0.00092315    (-1.62727 5.07928 215.509)
0.000924299   (-1.81705 5.00193 215.541)
0.000925447   (-1.86916 4.91296 215.618)
0.000926594   (-1.78524 4.81407 215.745)
0.000927739   (-1.5819 4.67083 215.906)
0.000928884   (-1.28539 4.41578 216.067)
0.00093003    (-0.949754 4.0017 216.192)
0.000931173   (-0.651314 3.43906 216.257)
0.000932317   (-0.471247 2.79579 216.24)
0.00093346    (-0.476401 2.1737 216.125)
0.000934603   (-0.706662 1.66583 215.898)
0.000935746   (-1.17267 1.32642 215.553)
0.000936887   (-1.85899 1.16467 215.088)
0.000938025   (-2.72081 1.16254 214.496)
0.000939159   (-3.67966 1.29269 213.756)
0.000940292   (-4.62675 1.53062 212.846)
0.000941422   (-5.44657 1.85645 211.76)
0.000942551   (-6.05728 2.23463 210.525)
0.000943679   (-6.43282 2.60864 209.191)
0.000944807   (-6.60684 2.92169 207.81)
0.000945935   (-6.64806 3.15249 206.42)
0.000947064   (-6.6292 3.33562 205.047)
0.000948195   (-6.60409 3.55468 203.71)
0.000949329   (-6.59947 3.92073 202.414)
0.000950462   (-6.62367 4.5308 201.161)
0.000951591   (-6.66757 5.43011 199.949)
0.000952716   (-6.71504 6.59166 198.779)
0.000953838   (-6.71317 7.89557 197.694)
0.000954965   (-6.61157 9.16195 196.789)
0.000956114   (-6.29449 10.1606 196.212)
0.000957266   (-5.62628 10.6071 196.404)
0.000958417   (-4.52649 10.4273 197.529)
0.000959569   (-2.93961 9.69791 199.746)
0.000960721   (-1.11188 8.67572 202.786)
0.000961871   (0.436172 7.58681 205.9)
0.000963019   (1.32327 6.43193 208.522)
0.000964168   (1.43224 5.3746 209.872)
0.000965315   (1.09502 4.32223 210.292)
0.000966459   (0.516432 3.35249 210.1)
0.000967604   (-0.0272287 2.4716 209.585)
0.000968749   (-0.474828 1.68693 208.973)
0.000969894   (-0.894695 1.02374 208.41)
0.000971038   (-1.37958 0.516847 207.981)
0.000972183   (-1.98785 0.207569 207.73)
0.000973328   (-2.73854 0.136921 207.668)
0.000974472   (-3.60436 0.327967 207.791)
0.000975617   (-4.53121 0.768972 208.073)
0.000976762   (-5.40901 1.41568 208.467)
0.000977907   (-6.0941 2.2032 208.887)
0.000979051   (-6.45162 3.06786 209.228)
0.000980196   (-6.39824 3.95872 209.394)
0.000981338   (-5.92215 4.82745 209.333)
0.000982479   (-5.05745 5.60459 209.063)
0.000983617   (-3.88374 6.1948 208.658)
0.000984754   (-2.50136 6.46093 208.26)
0.000985892   (-1.04751 6.28717 207.922)
0.00098703    (0.345115 5.63679 207.74)
0.000988168   (1.54706 4.6102 207.716)
0.000989305   (2.4996 3.40407 207.83)
0.000990443   (3.22304 2.21032 208.025)
0.000991581   (3.7491 1.17616 208.263)
0.000992719   (4.05507 0.43295 208.517)
0.000993856   (4.11498 0.0216554 208.783)
0.000994994   (3.89094 -0.122697 209.066)
0.000996132   (3.43254 -0.105673 209.391)
0.000997269   (2.84396 -0.0131477 209.796)
0.000998407   (2.22739 0.110206 210.309)
0.000999545   (1.6398 0.245565 210.935)
0.00100068    (1.08863 0.381067 211.652)
0.00100182    (0.537403 0.497087 212.411)
0.00100296    (-0.0656905 0.565689 213.146)
0.0010041     (-0.759368 0.557486 213.798)
0.00100523    (-1.55107 0.448003 214.312)
0.00100637    (-2.42065 0.236506 214.622)
0.00100751    (-3.29129 -0.0582569 214.659)
0.00100864    (-4.03647 -0.400016 214.374)
0.00100978    (-4.51075 -0.747117 213.774)
0.00101091    (-4.58576 -1.09019 212.907)
0.00101205    (-4.18257 -1.43123 211.921)
0.00101319    (-3.32365 -1.78218 210.973)
0.00101432    (-2.16719 -2.10953 210.317)
0.00101546    (-0.989464 -2.31844 210.187)
0.0010166     (-0.117377 -2.27407 210.747)
0.00101773    (0.229974 -1.88354 211.991)
0.00101887    (0.133735 -1.12247 213.726)
0.00102001    (-0.12655 -0.0612393 215.616)
0.00102115    (-0.133233 1.15956 217.318)
0.00102228    (0.299248 2.3563 218.602)
0.00102341    (1.11024 3.32134 219.25)
0.00102454    (2.11614 4.03277 219.451)
0.00102566    (3.15976 4.44174 219.316)
0.00102678    (4.15333 4.56984 218.952)
0.0010279     (5.0737 4.48075 218.437)
0.00102901    (5.8418 4.25533 217.803)
0.00103013    (6.39903 3.97286 217.028)
0.00103125    (6.70398 3.68513 216.068)
0.00103238    (6.72634 3.45792 214.885)
0.00103349    (6.49503 3.29312 213.487)
0.0010346     (6.02719 3.2134 211.861)
0.00103571    (5.35752 3.21195 210.029)
0.00103682    (4.53022 3.23752 208.056)
0.00103793    (3.58116 3.25969 206.015)
0.00103904    (2.56273 3.19451 204.031)
0.00104016    (1.51246 3.01125 202.249)
0.00104128    (0.474605 2.72428 200.791)
0.00104241    (-0.481101 2.39226 199.745)
0.00104355    (-1.27863 2.111 199.169)
0.00104469    (-1.9066 1.98018 199.059)
0.00104583    (-2.25533 2.07231 199.463)
0.00104698    (-2.33885 2.34055 200.468)
0.00104813    (-2.17441 2.62163 202.099)
0.00104927    (-1.86396 2.75671 204.354)
0.00105041    (-1.55001 2.76655 207.003)
0.00105155    (-1.34884 2.91436 209.683)
0.00105267    (-1.2471 3.37534 212.064)
0.0010538     (-1.17904 4.21317 213.93)
0.00105492    (-1.10207 5.2603 215.232)
0.00105606    (-1.01269 6.2458 216.13)
0.0010572     (-0.898467 6.92829 216.663)
0.00105834    (-0.771563 7.22582 216.876)
0.00105949    (-0.595406 7.12998 216.81)
0.00106063    (-0.472889 6.65609 216.513)
0.00106178    (-0.490051 5.82875 215.922)
0.00106294    (-0.759622 4.70131 215.076)
0.00106409    (-1.28378 3.35841 213.939)
0.00106524    (-1.92057 1.91584 212.598)
0.0010664     (-2.47635 0.510014 211.239)
0.00106755    (-2.73718 -0.739083 210.192)
0.00106871    (-2.64717 -1.68901 209.489)
0.00106986    (-2.19006 -2.33156 209.301)
0.001071      (-1.48963 -2.61188 209.523)
0.00107214    (-0.722895 -2.49379 209.991)
0.00107328    (-0.0606613 -1.95014 210.437)
0.00107441    (0.377547 -1.0413 210.616)
0.00107554    (0.573026 0.105802 210.667)
0.00107667    (0.616221 1.22512 210.618)
0.0010778     (0.588589 2.27526 210.546)
0.00107892    (0.538608 3.14914 210.509)
0.00108005    (0.487944 3.81172 210.505)
0.00108118    (0.421545 4.26323 210.514)
0.0010823     (0.325698 4.50772 210.494)
0.00108343    (0.174721 4.55209 210.406)
0.00108455    (-0.0367846 4.40968 210.223)
0.00108567    (-0.294364 4.09665 209.95)
0.0010868     (-0.551535 3.6249 209.627)
0.00108793    (-0.736521 2.99786 209.351)
0.00108906    (-0.745301 2.22056 209.186)
0.00109019    (-0.491803 1.31075 209.446)
0.00109132    (-0.0204741 0.359186 210.113)
0.00109246    (0.592297 -0.575519 211.179)
0.00109359    (1.06944 -1.35396 212.522)
0.00109473    (1.23015 -1.94166 213.927)
0.00109586    (1.00329 -2.32861 215.249)
0.00109699    (0.429473 -2.49204 216.196)
0.00109812    (-0.290039 -2.43478 216.915)
0.00109924    (-1.05112 -2.2397 217.468)
0.00110035    (-1.67746 -1.95926 217.93)
0.00110147    (-2.10556 -1.65802 218.35)
0.00110258    (-2.33171 -1.38311 218.705)
0.00110369    (-2.39766 -1.13587 218.982)
0.0011048     (-2.34164 -0.898211 219.158)
0.00110591    (-2.19691 -0.656708 219.231)
0.00110701    (-1.98728 -0.419561 219.226)
0.00110812    (-1.73097 -0.221024 219.184)
0.00110922    (-1.44378 -0.110561 219.156)
0.00111033    (-1.13798 -0.126566 219.204)
0.00111143    (-0.826498 -0.284461 219.375)
0.00111254    (-0.491974 -0.569472 219.691)
0.00111364    (-0.12304 -0.941415 220.135)
0.00111475    (0.30348 -1.34816 220.66)
0.00111585    (0.800781 -1.73079 221.199)
0.00111696    (1.35465 -2.0471 221.669)
0.00111807    (1.91707 -2.27981 222.015)
0.00111918    (2.42135 -2.43685 222.199)
0.00112029    (2.80324 -2.54648 222.207)
0.0011214     (3.01792 -2.65545 222.031)
0.00112252    (3.05202 -2.81707 221.675)
0.00112364    (2.93092 -3.06761 221.157)
0.00112475    (2.71017 -3.42156 220.518)
0.00112588    (2.46691 -3.87556 219.826)
0.001127      (2.28283 -4.41015 219.176)
0.00112813    (2.22259 -4.99499 218.63)
0.00112925    (2.32133 -5.55965 218.342)
0.00113036    (2.59261 -5.98583 218.247)
0.00113147    (2.97143 -6.16775 218.303)
0.00113258    (3.38831 -5.93505 218.374)
0.00113369    (3.72327 -5.21539 218.304)
0.00113479    (3.87559 -4.05909 218.036)
0.0011359     (3.80569 -2.63944 217.582)
0.001137      (3.57517 -1.21593 217.063)
0.0011381     (3.28569 -0.0160526 216.648)
0.0011392     (2.9882 0.874626 216.378)
0.0011403     (2.67687 1.37736 216.256)
0.0011414     (2.32678 1.50404 216.198)
0.0011425     (1.92272 1.33091 216.087)
0.00114361    (1.46691 0.938352 215.795)
0.00114473    (0.963397 0.415473 215.237)
0.00114585    (0.385719 -0.140311 214.377)
0.00114697    (-0.319178 -0.601154 213.247)
0.0011481     (-1.18658 -0.826895 211.928)
0.00114922    (-2.21952 -0.728547 210.496)
0.00115033    (-3.34693 -0.269663 209.013)
0.00115144    (-4.40943 0.52236 207.531)
0.00115255    (-5.19232 1.58198 206.091)
0.00115365    (-5.51698 2.84888 204.758)
0.00115475    (-5.34592 4.25086 203.6)
0.00115585    (-4.78795 5.72705 202.682)
0.00115694    (-4.00886 7.19991 202.092)
0.00115803    (-3.2045 8.59467 201.892)
0.00115912    (-2.51257 9.82327 202.183)
0.00116022    (-2.09029 10.8298 202.96)
0.00116131    (-2.05142 11.5198 203.981)
0.0011624     (-2.45777 11.7688 204.936)
0.00116349    (-3.3064 11.4543 205.481)
0.00116458    (-4.52838 10.523 205.303)
0.00116568    (-5.96369 9.0813 204.4)
0.00116678    (-7.3397 7.41047 202.993)
0.00116789    (-8.35471 5.91709 201.569)
0.001169      (-8.66127 4.99257 200.725)
0.00117012    (-8.11334 4.80413 200.917)
0.00117124    (-6.79794 5.24264 202.197)
0.00117236    (-4.99477 5.85081 204.28)
0.00117347    (-2.99772 6.10883 206.275)
0.00117458    (-1.01438 5.80025 208.003)
0.0011757     (0.779331 4.94535 209.367)
0.00117681    (2.22221 3.7252 210.462)
0.00117792    (3.09262 2.43948 211.537)
0.00117903    (3.33703 1.42719 212.624)
0.00118015    (3.11266 0.977137 213.748)
0.00118126    (2.76242 1.12963 214.504)
0.00118237    (2.37608 1.70636 215.042)
0.00118348    (2.13216 2.37261 215.356)
0.0011846     (2.04307 2.99361 215.501)
0.00118571    (2.09018 3.36858 215.535)
0.00118683    (2.27633 3.47609 215.46)
0.00118795    (2.61207 3.32688 215.268)
0.00118907    (3.0847 2.94429 214.943)
0.00119019    (3.6378 2.34824 214.484)
0.0011913     (4.17251 1.55429 213.915)
0.00119241    (4.58529 0.578254 213.282)
0.00119352    (4.78352 -0.552836 212.66)
0.00119463    (4.72382 -1.78029 212.228)
0.00119574    (4.40509 -3.03708 212.039)
0.00119685    (3.91892 -4.23292 212.193)
0.00119796    (3.35603 -5.29859 212.684)
0.00119908    (2.78672 -6.07073 213.408)
0.0012002     (2.24526 -6.39995 214.163)
0.00120133    (1.73869 -6.20832 214.755)
0.00120247    (1.22793 -5.47672 215.063)
0.0012036     (0.665187 -4.45161 215.067)
0.00120474    (0.004627 -3.22347 215.017)
0.00120588    (-0.729748 -2.03662 214.983)
0.00120702    (-1.40563 -1.02811 214.986)
0.00120815    (-1.97188 -0.274073 215.053)
0.00120929    (-2.38543 0.239899 215.162)
0.00121042    (-2.66892 0.531576 215.264)
0.00121156    (-2.86069 0.644068 215.391)
0.00121269    (-2.99366 0.62996 215.572)
0.00121383    (-3.09842 0.548994 215.798)
0.00121496    (-3.18557 0.441031 216.022)
0.0012161     (-3.26465 0.347404 216.177)
0.00121724    (-3.32211 0.297278 216.22)
0.00121837    (-3.34013 0.298471 216.157)
0.0012195     (-3.30566 0.36111 216.03)
0.00122063    (-3.20689 0.495868 215.889)
0.00122175    (-3.04469 0.708199 215.783)
0.00122288    (-2.82784 0.994968 215.74)
0.001224      (-2.58919 1.31044 215.753)
0.00122512    (-2.34297 1.61809 215.783)
0.00122624    (-2.11145 1.87995 215.749)
0.00122736    (-1.90276 2.02009 215.546)
0.00122848    (-1.71883 1.99697 215.06)
0.00122959    (-1.56356 1.78599 214.223)
0.00123071    (-1.44942 1.37309 212.98)
0.00123183    (-1.38682 0.776776 211.375)
0.00123295    (-1.36922 0.0372288 209.502)
0.00123407    (-1.37093 -0.787108 207.484)
0.0012352     (-1.36337 -1.61086 205.452)
0.00123631    (-1.32895 -2.35603 203.524)
0.00123743    (-1.25844 -2.95009 201.896)
0.00123854    (-1.19238 -3.40507 200.733)
0.00123964    (-1.12195 -3.7104 200.299)
0.00124075    (-0.993109 -3.92417 200.769)
0.00124185    (-0.70072 -4.07838 202.171)
0.00124296    (-0.133979 -4.20381 204.564)
0.00124406    (0.746406 -4.20197 207.759)
0.00124516    (1.7001 -3.86183 211.329)
0.00124627    (2.46947 -3.10186 214.877)
0.00124737    (2.91058 -2.05046 217.372)
0.00124847    (3.08871 -1.08894 219.012)
0.00124957    (3.22137 -0.261351 219.627)
0.00125067    (3.46792 0.297676 219.43)
0.00125177    (3.68793 0.657441 218.653)
0.00125287    (3.88226 0.84971 217.54)
0.00125397    (3.8944 0.866085 216.28)
0.00125507    (3.5508 0.641262 215.068)
0.00125618    (2.79541 0.138047 214.057)
0.00125729    (1.71719 -0.659387 213.308)
0.0012584     (0.511223 -1.66506 212.783)
0.00125951    (-0.638522 -2.80867 212.37)
0.00126063    (-1.64211 -3.98422 211.928)
0.00126175    (-2.4498 -4.9639 211.204)
0.00126287    (-3.10274 -5.4567 209.932)
0.00126399    (-3.63002 -5.13855 207.987)
0.00126512    (-3.9356 -3.77583 205.343)
0.00126624    (-3.87163 -1.52817 202.429)
0.00126737    (-3.38926 1.30664 199.753)
0.0012685     (-2.62233 4.02132 197.813)
0.00126964    (-1.7388 6.00241 196.973)
0.00127078    (-0.748201 7.09836 197.241)
0.00127192    (0.271564 7.45932 198.253)
0.00127306    (1.24106 7.27459 199.751)
0.00127421    (2.07015 6.61479 201.375)
0.00127534    (2.76407 5.53026 202.945)
0.00127648    (3.39633 4.14137 204.454)
0.00127761    (3.99223 2.69412 205.921)
0.00127874    (4.48412 1.45838 207.279)
0.00127987    (4.68421 0.565856 208.349)
0.00128099    (4.47388 -0.025064 208.976)
0.00128212    (3.80828 -0.437631 208.984)
0.00128324    (2.79487 -0.844779 208.477)
0.00128436    (1.60789 -1.29811 207.683)
0.00128548    (0.414509 -1.75317 206.813)
0.0012866     (-0.659502 -2.13902 206.008)
0.00128772    (-1.58079 -2.40167 205.31)
0.00128884    (-2.36935 -2.51671 204.691)
0.00128996    (-3.05332 -2.47346 204.085)
0.00129108    (-3.64735 -2.28334 203.431)
0.00129219    (-4.14742 -1.96297 202.688)
0.00129329    (-4.55008 -1.52551 201.839)
0.00129439    (-4.85267 -0.990026 200.9)
0.00129548    (-5.05047 -0.383793 199.92)
0.00129657    (-5.13687 0.247185 198.982)
0.00129765    (-5.1034 0.843606 198.155)
0.00129872    (-4.95293 1.36104 197.506)
0.00129979    (-4.71036 1.76653 197.097)
0.00130086    (-4.38333 2.01603 196.991)
0.00130194    (-4.01286 2.08505 197.251)
0.00130301    (-3.66549 1.9412 198.009)
0.00130408    (-3.41587 1.59315 199.238)
0.00130515    (-3.35034 1.07507 200.911)
0.00130622    (-3.45092 0.457024 202.859)
0.0013073     (-3.63772 -0.146902 204.775)
0.00130838    (-3.73948 -0.628626 206.374)
0.00130947    (-3.60972 -0.903047 207.321)
0.00131056    (-3.18626 -0.919126 207.448)
0.00131166    (-2.51598 -0.651887 206.867)
0.00131276    (-1.70383 -0.143847 205.711)
0.00131386    (-0.856254 0.538076 204.226)
0.00131497    (-0.106114 1.31321 202.624)
0.00131609    (0.498355 2.10631 201.064)
0.0013172     (0.956101 2.87296 199.649)
0.00131832    (1.28318 3.59751 198.412)
0.00131945    (1.50047 4.28057 197.363)
0.00132057    (1.6435 4.92553 196.489)
0.00132169    (1.74306 5.52026 195.751)
0.00132281    (1.81773 6.03796 195.109)
0.00132392    (1.85502 6.4533 194.538)
0.00132503    (1.83892 6.76658 194.031)
0.00132613    (1.75271 7.00536 193.604)
0.00132724    (1.59824 7.21062 193.274)
0.00132834    (1.39198 7.41663 193.066)
0.00132944    (1.1813 7.63224 193.019)
0.00133054    (1.02358 7.84623 193.152)
0.00133164    (0.975964 7.99329 193.463)
0.00133274    (1.05272 7.98311 193.981)
0.00133384    (1.20021 7.70932 194.643)
0.00133495    (1.31538 7.0708 195.44)
0.00133605    (1.2799 6.05337 196.373)
0.00133716    (1.04287 4.78291 197.453)
0.00133827    (0.69175 3.48052 198.687)
0.00133939    (0.401546 2.35144 200.013)
0.00134051    (0.304398 1.4831 201.383)
0.00134163    (0.3775 0.892172 202.481)
0.00134276    (0.444811 0.465583 203.316)
0.00134388    (0.329296 0.202372 203.957)
0.00134501    (-0.0236969 0.134388 204.473)
0.00134614    (-0.517994 0.293795 205.078)
0.00134727    (-0.959245 0.673461 205.897)
0.0013484     (-1.15407 1.18263 206.99)
0.00134953    (-1.01685 1.67029 208.372)
0.00135066    (-0.605079 1.93247 209.949)
0.00135178    (-0.0560455 1.83364 211.58)
0.00135291    (0.505104 1.3753 213.126)
0.00135403    (1.01624 0.695773 214.476)
0.00135515    (1.40978 -0.0135081 215.591)
0.00135627    (1.73201 -0.681898 216.314)
0.00135739    (1.92566 -1.19142 216.712)
0.00135851    (1.97233 -1.48851 216.762)
0.00135963    (1.88172 -1.56399 216.473)
0.00136073    (1.6824 -1.42909 215.915)
0.00136184    (1.40804 -1.11746 215.191)
0.00136294    (1.07732 -0.676974 214.344)
0.00136405    (0.69226 -0.156453 213.414)
0.00136515    (0.268051 0.384344 212.469)
0.00136625    (-0.147872 0.852161 211.532)
0.00136735    (-0.508199 1.17414 210.621)
0.00136845    (-0.78591 1.31786 209.733)
0.00136955    (-1.01009 1.29466 208.897)
0.00137065    (-1.22697 1.14407 208.131)
0.00137176    (-1.48849 0.921245 207.478)
0.00137287    (-1.82258 0.677163 206.996)
0.00137398    (-2.2284 0.440514 206.708)
0.00137509    (-2.68095 0.208544 206.736)
0.00137621    (-3.15888 -0.0418046 207.105)
0.00137733    (-3.55419 -0.318449 207.879)
0.00137846    (-3.82452 -0.684663 209.06)
0.00137958    (-3.89518 -1.07256 210.528)
0.00138071    (-3.73595 -1.37459 212.065)
0.00138183    (-3.3696 -1.4293 213.466)
0.00138296    (-2.88128 -1.16731 214.569)
0.00138409    (-2.36379 -0.614684 215.175)
0.00138522    (-1.88019 0.13782 215.4)
0.00138635    (-1.50268 0.877985 215.297)
0.00138747    (-1.16455 1.39094 214.932)
0.0013886     (-0.910366 1.55613 214.402)
0.00138974    (-0.772699 1.35917 213.778)
0.00139087    (-0.79251 0.87217 213.117)
0.001392      (-1.0276 0.195146 212.408)
0.00139314    (-1.53619 -0.591323 211.619)
0.00139428    (-2.32755 -1.43282 210.737)
0.00139542    (-3.31327 -2.29037 209.825)
0.00139657    (-4.30416 -3.12596 208.93)
0.00139771    (-5.07115 -3.85567 208.23)
0.00139886    (-5.39768 -4.44456 207.855)
0.00140001    (-5.16418 -4.82373 207.751)
0.00140115    (-4.43188 -4.98042 207.93)
0.0014023     (-3.3586 -4.97672 208.242)
0.00140345    (-2.17203 -4.88552 208.545)
0.00140459    (-1.10848 -4.78726 208.528)
0.00140574    (-0.29169 -4.65998 208.124)
0.00140688    (0.20758 -4.38535 207.379)
0.00140802    (0.418152 -3.87249 206.368)
0.00140914    (0.448599 -3.09606 205.278)
0.00141026    (0.410795 -2.07951 204.308)
0.00141137    (0.386055 -0.92741 203.581)
0.00141249    (0.366892 0.235808 203.057)
0.0014136     (0.262473 1.28788 202.742)
0.00141472    (-0.0675404 2.16181 202.49)
0.00141585    (-0.723989 2.67961 202.25)
0.00141699    (-1.76771 2.81588 202.002)
0.00141813    (-3.11119 2.6563 201.744)
0.00141928    (-4.54378 2.38012 201.478)
0.00142043    (-5.80895 2.16138 201.227)
0.00142158    (-6.68714 2.07853 200.941)
0.00142273    (-7.05987 2.00177 200.608)
0.00142388    (-6.99119 1.88741 200.085)
0.00142503    (-6.47066 1.68699 199.231)
0.00142619    (-5.53488 1.37704 198.243)
0.00142734    (-4.25241 1.04235 197.176)
0.0014285     (-2.73093 0.73534 196.254)
0.00142965    (-1.19397 0.489455 195.778)
0.00143081    (0.0677318 0.323535 196.041)
0.00143196    (0.797012 0.264436 197.137)
0.00143311    (0.86952 0.245731 199.198)
0.00143426    (0.434103 0.0596295 201.861)
0.00143541    (-0.236401 -0.561209 204.641)
0.00143655    (-0.560002 -1.70439 207.048)
0.0014377     (0.115046 -3.10707 208.724)
0.00143885    (2.22011 -4.34827 209.414)
0.00144       (5.66638 -4.97596 209.505)
0.00144114    (9.69025 -4.82755 209.423)
0.00144228    (13.1617 -4.06489 209.592)
0.00144342    (14.8518 -2.86817 210.069)
0.00144455    (14.2091 -1.47539 210.65)
0.00144568    (11.662 -0.176331 211.118)
0.00144682    (8.45983 0.795974 210.977)
0.00144795    (5.4577 1.3223 210.483)
0.00144908    (3.14831 1.46502 209.587)
0.00145021    (1.45983 1.26831 208.434)
0.00145134    (0.0919057 0.814741 207.259)
0.00145247    (-1.21689 0.22654 206.329)
0.0014536     (-2.61486 -0.380364 205.873)
0.00145473    (-4.13237 -0.891259 205.848)
0.00145587    (-5.68068 -1.24671 206.079)
0.00145701    (-7.1079 -1.46606 206.268)
0.00145815    (-8.21727 -1.60678 206.147)
0.0014593     (-8.86424 -1.79012 205.597)
0.00146044    (-8.98909 -2.12201 204.606)
0.00146158    (-8.62373 -2.60278 203.289)
0.00146272    (-7.86816 -3.13077 201.86)
0.00146385    (-6.85974 -3.55464 200.592)
0.00146499    (-5.75429 -3.75538 199.737)
0.00146613    (-4.70934 -3.7042 199.444)
0.00146726    (-3.85623 -3.46514 199.706)
0.0014684     (-3.27363 -3.13525 200.353)
0.00146953    (-2.98485 -2.7831 201.097)
0.00147066    (-2.96725 -2.42963 201.638)
0.00147179    (-3.16308 -2.09113 201.764)
0.00147292    (-3.47719 -1.75688 201.392)
0.00147405    (-3.81746 -1.48215 200.617)
0.00147518    (-4.08575 -1.32672 199.555)
0.00147631    (-4.1962 -1.35976 198.402)
0.00147744    (-4.06917 -1.63512 197.39)
0.00147856    (-3.68929 -2.17639 196.812)
0.00147969    (-3.14826 -2.95772 196.993)
0.00148082    (-2.58575 -3.85484 198.191)
0.00148195    (-2.1425 -4.66716 200.423)
0.00148307    (-1.8413 -5.13401 203.36)
0.00148419    (-1.67807 -5.01979 206.519)
0.00148532    (-1.56754 -4.23204 209.013)
0.00148644    (-1.55373 -2.88913 210.678)
0.00148756    (-1.53553 -1.15511 211.387)
0.00148868    (-1.35311 0.691444 211.317)
0.00148979    (-0.894715 2.4572 210.72)
0.0014909     (-0.114028 4.07351 209.825)
0.00149201    (0.940536 5.52347 208.824)
0.00149312    (2.12831 6.79305 207.898)
0.00149423    (3.30583 7.82389 207.207)
0.00149534    (4.29937 8.5613 206.87)
0.00149645    (5.01155 8.94789 207.002)
0.00149756    (5.37365 9.01023 207.506)
0.00149867    (5.38754 8.80351 208.291)
0.00149978    (5.06262 8.44258 209.2)
0.00150089    (4.44857 8.07329 210.104)
0.00150201    (3.62165 7.82294 210.923)
0.00150312    (2.65212 7.74949 211.631)
0.00150424    (1.60251 7.77887 212.256)
0.00150535    (0.510069 7.80154 212.844)
0.00150647    (-0.629275 7.673 213.299)
0.00150758    (-1.83833 7.25083 213.646)
0.0015087     (-3.16112 6.54206 213.749)
0.00150981    (-4.45558 5.67398 213.511)
0.00151093    (-5.5203 4.83622 212.881)
0.00151204    (-6.24539 4.18204 211.849)
0.00151316    (-6.6103 3.72667 210.409)
0.00151428    (-6.68444 3.32358 208.568)
0.00151539    (-6.53766 2.7508 206.386)
0.00151651    (-6.19417 1.83265 204.028)
0.00151763    (-5.62269 0.558108 201.677)
0.00151874    (-4.79462 -0.886679 199.574)
0.00151986    (-3.75102 -2.22864 197.878)
0.00152098    (-2.66419 -3.2706 196.645)
0.00152211    (-1.75365 -3.97707 195.865)
0.00152323    (-1.16109 -4.40842 195.436)
0.00152436    (-0.91757 -4.6227 195.298)
0.00152549    (-0.922197 -4.71049 195.463)
0.00152662    (-1.01533 -4.77491 195.888)
0.00152775    (-1.03522 -4.92108 196.558)
0.00152889    (-0.856177 -5.22609 197.39)
0.00153003    (-0.410824 -5.70874 198.293)
0.00153117    (0.290255 -6.24053 199.175)
0.00153231    (1.19468 -6.70013 199.961)
0.00153346    (2.2307 -6.86086 200.751)
0.00153461    (3.34847 -6.52701 201.535)
0.00153576    (4.61839 -5.70492 202.475)
0.0015369     (6.08638 -4.54172 203.534)
0.00153804    (7.67678 -3.36333 204.64)
0.00153918    (9.1098 -2.58623 205.677)
0.00154031    (10.0153 -2.48286 206.493)
0.00154145    (10.1481 -2.98839 206.881)
0.00154258    (9.49248 -3.84407 206.715)
0.0015437     (8.2296 -4.73341 205.774)
0.00154483    (6.54295 -5.49716 204.27)
0.00154596    (4.56019 -6.0911 202.315)
0.00154709    (2.47637 -6.47015 200.186)
0.00154821    (0.523064 -6.55547 198.189)
0.00154934    (-1.08046 -6.25923 196.448)
0.00155047    (-2.18099 -5.62788 195.15)
0.0015516     (-2.75743 -4.77781 194.359)
0.00155272    (-2.91336 -3.71509 194.054)
0.00155385    (-2.77061 -2.5082 194.295)
0.00155499    (-2.53278 -1.25136 195.128)
0.00155612    (-2.37326 -0.0976742 196.518)
0.00155725    (-2.39208 0.828868 198.264)
0.00155837    (-2.57832 1.54333 200.007)
0.0015595     (-2.81607 2.18694 201.504)
0.00156063    (-3.08932 2.71924 202.226)
0.00156176    (-3.30344 2.99663 202.215)
0.00156289    (-3.37033 2.81918 201.402)
0.00156402    (-3.21296 1.98111 199.854)
0.00156515    (-2.78309 0.456911 197.836)
0.00156627    (-2.10143 -1.54171 195.745)
0.0015674     (-1.21434 -3.58784 194.03)
0.00156852    (-0.193654 -5.21654 193.021)
0.00156965    (0.836727 -6.1729 192.727)
0.00157077    (1.79722 -6.32794 193.288)
0.00157189    (2.57485 -5.93454 194.301)
0.00157301    (3.0106 -5.26836 195.577)
0.00157413    (3.04277 -4.60434 196.88)
0.00157525    (2.64806 -4.11827 198.061)
0.00157636    (1.92227 -3.89251 199.088)
0.00157748    (1.076 -3.93398 200.021)
0.0015786     (0.366458 -4.1879 200.951)
0.00157972    (-0.0305155 -4.55619 201.905)
0.00158084    (-0.10745 -4.93994 202.824)
0.00158196    (0.0266729 -5.24609 203.599)
0.00158309    (0.245479 -5.43789 204.13)
0.00158422    (0.437518 -5.51569 204.392)
0.00158535    (0.527419 -5.51333 204.431)
0.00158648    (0.48328 -5.4629 204.373)
0.00158762    (0.305246 -5.41869 204.319)
0.00158875    (-0.0129859 -5.41038 204.438)
0.0015899     (-0.438553 -5.46484 204.855)
0.00159104    (-0.922156 -5.58177 205.607)
0.00159218    (-1.41139 -5.70113 206.635)
0.00159333    (-1.86686 -5.70348 207.764)
0.00159447    (-2.28054 -5.44286 208.743)
0.00159561    (-2.66405 -4.80395 209.338)
0.00159674    (-3.03288 -3.75493 209.427)
0.00159788    (-3.40638 -2.37248 209.035)
0.00159902    (-3.83171 -0.827117 208.355)
0.00160015    (-4.38412 0.647104 207.646)
0.00160128    (-5.13805 1.83717 207.145)
0.00160241    (-5.98924 2.61642 207.198)
0.00160354    (-6.87213 2.99742 207.764)
0.00160467    (-7.65282 3.06696 208.753)
0.0016058     (-8.2444 2.96308 209.943)
0.00160692    (-8.62776 2.76164 211.129)
0.00160805    (-8.8596 2.54412 211.972)
0.00160917    (-8.97313 2.36161 212.476)
0.0016103     (-8.95145 2.2519 212.642)
0.00161142    (-8.71541 2.17495 212.535)
0.00161255    (-8.16824 2.09478 212.286)
0.00161367    (-7.26678 1.98305 212.027)
0.0016148     (-6.05037 1.81771 211.865)
0.00161593    (-4.62582 1.55986 211.843)
0.00161705    (-3.11081 1.17219 211.938)
0.00161818    (-1.5991 0.587693 212.055)
0.00161931    (-0.140856 -0.224924 212.078)
0.00162044    (1.17376 -1.24239 211.923)
0.00162157    (2.22075 -2.33321 211.59)
0.00162271    (2.80274 -3.32931 211.075)
0.00162384    (2.80151 -4.05754 210.352)
0.00162498    (2.24685 -4.40322 209.447)
0.00162612    (1.31869 -4.35648 208.486)
0.00162726    (0.262781 -4.06444 207.61)
0.00162839    (-0.703047 -3.70979 207.012)
0.00162952    (-1.53364 -3.42392 206.68)
0.00163065    (-2.2336 -3.25943 206.561)
0.00163178    (-2.84715 -3.18695 206.571)
0.00163292    (-3.41052 -3.1472 206.628)
0.00163406    (-3.93463 -3.09168 206.666)
0.0016352     (-4.38557 -2.98898 206.616)
0.00163633    (-4.72574 -2.85225 206.412)
0.00163747    (-4.88273 -2.67543 206.042)
0.0016386     (-4.80592 -2.46427 205.531)
0.00163972    (-4.5141 -2.18474 204.962)
0.00164085    (-4.04803 -1.82923 204.47)
0.00164198    (-3.51945 -1.38711 204.171)
0.0016431     (-3.03709 -0.876904 204.123)
0.00164423    (-2.65832 -0.336516 204.31)
0.00164535    (-2.38189 0.177437 204.634)
0.00164648    (-2.16037 0.608293 205.001)
0.00164761    (-1.92645 0.917581 205.348)
0.00164874    (-1.62031 1.08453 205.651)
0.00164987    (-1.20022 1.10626 205.925)
0.001651      (-0.674563 0.990834 206.199)
0.00165214    (-0.0614493 0.771663 206.499)
0.00165328    (0.563812 0.468704 206.808)
0.00165442    (1.12133 0.118082 207.12)
0.00165556    (1.5651 -0.234299 207.419)
0.0016567     (1.89012 -0.5412 207.697)
0.00165784    (2.11072 -0.757664 207.911)
0.00165898    (2.24638 -0.858905 208.069)
0.00166012    (2.28804 -0.813701 208.146)
0.00166126    (2.23679 -0.634101 208.122)
0.00166241    (2.08909 -0.350355 207.987)
0.00166355    (1.85201 -0.0117573 207.76)
0.00166469    (1.55881 0.326407 207.481)
0.00166584    (1.24219 0.606126 207.204)
0.00166698    (0.967758 0.783922 207.013)
0.00166812    (0.794909 0.842727 207.013)
0.00166926    (0.765924 0.804797 207.233)
0.00167039    (0.883314 0.684477 207.715)
0.00167153    (1.11918 0.50162 208.425)
0.00167267    (1.40389 0.259736 209.276)
0.00167381    (1.64414 -0.0264601 210.13)
0.00167495    (1.78456 -0.34376 210.835)
0.00167609    (1.81712 -0.67463 211.345)
0.00167723    (1.75206 -0.994478 211.513)
0.00167837    (1.61667 -1.26639 211.457)
0.00167951    (1.46607 -1.50526 211.24)
0.00168066    (1.31835 -1.70733 210.953)
0.0016818     (1.20193 -1.88645 210.695)
0.00168294    (1.11999 -2.06093 210.538)
0.00168408    (1.05672 -2.23974 210.525)
0.00168522    (0.987256 -2.41047 210.68)
0.00168636    (0.886084 -2.54187 210.995)
0.00168749    (0.735687 -2.60516 211.451)
0.00168863    (0.527903 -2.57894 212.012)
0.00168976    (0.263155 -2.45607 212.624)
0.00169089    (-0.0520244 -2.24549 213.217)
0.00169202    (-0.408481 -1.96645 213.712)
0.00169315    (-0.781856 -1.64035 214.029)
0.00169429    (-1.12563 -1.29005 214.107)
0.00169543    (-1.37746 -0.940095 213.894)
0.00169659    (-1.47077 -0.61018 213.361)
0.00169775    (-1.35067 -0.316586 212.509)
0.00169891    (-0.990076 -0.0668832 211.374)
0.00170008    (-0.418954 0.141417 210.053)
0.00170125    (0.293787 0.314556 208.618)
0.00170242    (1.05488 0.461828 207.2)
0.00170359    (1.75573 0.608537 205.893)
0.00170475    (2.32049 0.7886 204.773)
0.00170592    (2.71137 1.05735 203.841)
0.00170709    (2.92565 1.48717 203.098)
0.00170826    (2.99295 2.12981 202.56)
0.00170942    (2.96947 2.98797 202.265)
0.00171059    (2.93414 4.00838 202.194)
0.00171176    (2.91502 5.06649 202.529)
0.00171292    (2.86097 6.05037 203.102)
0.00171409    (2.69737 6.82201 203.883)
0.00171525    (2.32917 7.28172 204.764)
0.00171642    (1.75491 7.3496 205.616)
0.00171758    (1.09493 6.98171 206.347)
0.00171874    (0.552397 6.19924 206.924)
0.0017199     (0.322711 5.06004 207.144)
0.00172106    (0.411167 3.7486 207.196)
0.00172221    (0.773665 2.36258 207.114)
0.00172337    (1.30708 1.095 206.976)
0.00172452    (1.90221 0.0612683 206.823)
0.00172567    (2.44854 -0.677654 206.715)
0.00172682    (2.91154 -1.14218 206.596)
0.00172798    (3.22532 -1.39322 206.406)
0.00172913    (3.3685 -1.49457 206.112)
0.00173029    (3.34502 -1.49139 205.705)
0.00173145    (3.1738 -1.42295 205.215)
0.00173261    (2.88424 -1.31364 204.695)
0.00173377    (2.5197 -1.17522 204.202)
0.00173493    (2.12949 -1.01343 203.774)
0.00173608    (1.75512 -0.838738 203.431)
0.00173724    (1.4296 -0.671516 203.177)
0.0017384     (1.16278 -0.537906 202.997)
0.00173955    (0.940924 -0.44717 202.851)
0.00174071    (0.735766 -0.384883 202.696)
0.00174187    (0.514479 -0.316321 202.518)
0.00174303    (0.256578 -0.200452 202.306)
0.00174419    (-0.0486398 -0.0119963 202.09)
0.00174535    (-0.397915 0.262531 201.879)
0.00174652    (-0.763063 0.598755 201.746)
0.00174768    (-1.11626 0.957063 201.725)
0.00174885    (-1.43415 1.29189 201.848)
0.00175002    (-1.7027 1.5621 202.125)
0.00175119    (-1.90159 1.74876 202.532)
0.00175236    (-2.03497 1.83395 203.026)
0.00175353    (-2.083 1.83503 203.533)
0.00175469    (-2.02744 1.802 203.97)
0.00175585    (-1.85219 1.80947 204.254)
0.00175702    (-1.5446 1.94647 204.32)
0.00175818    (-1.10428 2.29018 204.144)
0.00175934    (-0.550084 2.86537 203.764)
0.0017605     (0.0754901 3.65073 203.301)
0.00176167    (0.710096 4.56739 202.993)
0.00176283    (1.26815 5.46718 202.987)
0.001764      (1.70717 6.23904 203.444)
0.00176517    (1.97595 6.71621 204.276)
0.00176634    (1.99568 6.77136 205.201)
0.0017675     (1.71304 6.31779 205.927)
0.00176867    (1.12781 5.37473 206.123)
0.00176983    (0.39273 4.12254 205.78)
0.00177099    (-0.27059 2.83277 205.22)
0.00177215    (-0.78405 1.5945 204.694)
0.00177331    (-1.01895 0.504451 204.41)
0.00177448    (-0.940604 -0.442376 204.438)
0.00177564    (-0.602182 -1.28544 204.672)
0.0017768     (-0.00234151 -2.06812 205.039)
0.00177797    (0.788628 -2.81143 205.52)
0.00177913    (1.7048 -3.4959 206.131)
0.00178029    (2.64205 -4.10505 206.927)
0.00178145    (3.4995 -4.63427 207.971)
0.00178261    (4.19524 -5.07854 209.277)
0.00178377    (4.65479 -5.41667 210.804)
0.00178492    (4.83634 -5.63903 212.45)
0.00178608    (4.75243 -5.71245 214.068)
0.00178724    (4.46142 -5.61803 215.527)
0.00178839    (4.03925 -5.35127 216.736)
0.00178955    (3.55652 -4.926 217.639)
0.00179071    (3.07403 -4.37551 218.215)
0.00179186    (2.62724 -3.75491 218.457)
0.00179302    (2.24581 -3.13179 218.417)
0.00179418    (1.95531 -2.55689 218.182)
0.00179533    (1.75732 -2.05384 217.841)
0.00179649    (1.64255 -1.62383 217.472)
0.00179764    (1.58836 -1.25546 217.121)
0.00179879    (1.5552 -0.927323 216.816)
0.00179993    (1.51177 -0.606387 216.577)
0.00180106    (1.44642 -0.245054 216.42)
0.0018022     (1.36192 0.199195 216.342)
0.00180334    (1.25689 0.750379 216.321)
0.00180449    (1.10676 1.39759 216.294)
0.00180564    (0.854346 2.06253 216.181)
0.00180679    (0.471063 2.62143 215.956)
0.00180795    (-0.00152875 2.98064 215.633)
0.0018091     (-0.457077 3.09688 215.303)
0.00181025    (-0.777681 3.00983 215.074)
0.00181141    (-0.912428 2.78963 214.979)
0.00181256    (-0.889745 2.52027 214.975)
0.00181371    (-0.772966 2.28218 214.999)
0.00181486    (-0.628639 2.115 214.972)
0.00181601    (-0.50321 2.02724 214.872)
0.00181716    (-0.423473 1.99514 214.716)
0.00181831    (-0.40767 1.97556 214.529)
0.00181946    (-0.470428 1.94121 214.331)
0.00182061    (-0.617678 1.86057 214.14)
0.00182177    (-0.853587 1.72246 213.96)
0.00182292    (-1.15416 1.5307 213.815)
0.00182408    (-1.48463 1.30551 213.717)
0.00182524    (-1.77402 1.08921 213.67)
0.0018264     (-1.94925 0.943566 213.661)
0.00182756    (-1.95555 0.934045 213.65)
0.00182872    (-1.78433 1.09535 213.59)
0.00182988    (-1.49514 1.4104 213.45)
0.00183104    (-1.12098 1.79199 213.221)
0.0018322     (-0.708029 2.09628 212.942)
0.00183336    (-0.276754 2.23914 212.686)
0.00183452    (0.176271 2.15389 212.493)
0.00183568    (0.647704 1.85308 212.375)
0.00183683    (1.11687 1.39183 212.28)
0.00183799    (1.5472 0.841981 212.135)
0.00183914    (1.88298 0.272805 211.856)
0.00184029    (2.07543 -0.2647 211.392)
0.00184144    (2.10044 -0.735787 210.74)
0.00184258    (1.93223 -1.11516 209.927)
0.00184373    (1.57043 -1.40415 208.995)
0.00184489    (1.03726 -1.62307 208.002)
0.00184604    (0.378133 -1.78295 207.011)
0.0018472     (-0.346994 -1.88195 206.068)
0.00184836    (-1.06727 -1.91346 205.259)
0.00184951    (-1.70335 -1.87552 204.657)
0.00185067    (-2.18473 -1.76499 204.319)
0.00185183    (-2.46245 -1.57101 204.27)
0.001853      (-2.51633 -1.27419 204.494)
0.00185416    (-2.35778 -0.848396 204.926)
0.00185533    (-2.04236 -0.2693 205.456)
0.00185651    (-1.66748 0.457147 205.959)
0.00185768    (-1.33504 1.27647 206.326)
0.00185886    (-1.12547 2.05466 206.475)
0.00186003    (-1.06845 2.65642 206.414)
0.0018612     (-1.16764 2.96079 206.198)
0.00186237    (-1.38117 2.93784 205.974)
0.00186354    (-1.62086 2.60986 205.788)
0.00186471    (-1.781 2.0512 205.69)
0.00186588    (-1.75413 1.34707 205.692)
0.00186704    (-1.49353 0.60644 205.791)
0.0018682     (-1.00709 -0.0891108 205.989)
0.00186936    (-0.344862 -0.670281 206.272)
0.00187051    (0.404973 -1.0867 206.591)
0.00187166    (1.16556 -1.2878 206.845)
0.00187281    (1.82389 -1.2561 206.914)
0.00187396    (2.26506 -1.04366 206.712)
0.00187511    (2.39644 -0.774268 206.266)
0.00187625    (2.19956 -0.598052 205.753)
0.0018774     (1.71896 -0.604363 205.449)
0.00187854    (1.06474 -0.777504 205.582)
0.00187969    (0.337091 -1.08149 206.197)
0.00188083    (-0.405828 -1.38545 207.163)
0.00188198    (-1.14277 -1.536 208.258)
0.00188312    (-1.87625 -1.37819 209.255)
0.00188425    (-2.61843 -0.833904 210.007)
0.00188537    (-3.36666 0.0849625 210.455)
0.0018865     (-4.07224 1.28307 210.588)
0.00188761    (-4.67533 2.59913 210.431)
0.00188871    (-5.06393 3.75145 210.15)
0.00188981    (-5.19762 4.50929 209.69)
0.0018909     (-5.10399 4.59961 209.093)
0.00189198    (-4.82963 3.91858 208.459)
0.00189305    (-4.41284 2.57759 207.889)
0.00189412    (-3.77465 0.923175 207.589)
0.00189519    (-2.79214 -0.786313 207.674)
0.00189627    (-1.36569 -2.41787 208.054)
0.00189734    (0.402124 -3.91971 208.546)
0.00189842    (2.20467 -5.1594 209.028)
0.00189951    (3.80632 -5.89221 209.514)
0.0019006     (5.10912 -5.84134 209.843)
0.0019017     (6.11491 -4.93708 209.898)
0.00190281    (6.74676 -3.29799 209.637)
0.00190392    (6.86545 -1.1688 209.17)
0.00190504    (6.39653 1.11802 208.712)
0.00190616    (5.49203 3.19161 208.414)
0.00190727    (4.43611 4.73759 208.286)
0.00190838    (3.42327 5.4855 208.178)
0.00190949    (2.58749 5.28716 207.759)
0.0019106     (1.99274 4.24691 206.915)
0.00191171    (1.6326 2.55667 205.772)
0.00191283    (1.57073 0.61569 204.47)
0.00191395    (1.82667 -1.22457 203.135)
0.00191508    (2.32931 -2.72568 201.799)
0.00191621    (2.91969 -3.73634 200.561)
0.00191734    (3.40943 -4.26126 199.481)
0.00191846    (3.70664 -4.37827 198.532)
0.00191959    (3.73208 -4.20322 197.786)
0.00192072    (3.47999 -3.82021 197.311)
0.00192185    (3.0098 -3.30006 197.186)
0.00192298    (2.40878 -2.68603 197.478)
0.00192411    (1.78418 -1.98734 198.229)
0.00192525    (1.24432 -1.19638 199.438)
0.00192639    (0.876946 -0.31895 201.032)
0.00192754    (0.702915 0.581775 202.845)
0.00192869    (0.656198 1.41504 204.694)
0.00192984    (0.614763 2.13572 206.467)
0.001931      (0.505354 2.68524 207.951)
0.00193216    (0.269758 3.02376 209.203)
0.00193331    (-0.111541 3.12284 210.212)
0.00193447    (-0.652624 2.95622 211.025)
0.00193563    (-1.2734 2.55052 211.689)
0.00193679    (-1.87948 1.97458 212.223)
0.00193796    (-2.37768 1.32591 212.605)
0.00193912    (-2.69213 0.705506 212.786)
0.00194028    (-2.7624 0.200901 212.693)
0.00194145    (-2.56654 -0.135158 212.256)
0.00194261    (-2.13162 -0.264398 211.427)
0.00194377    (-1.526 -0.142811 210.219)
0.00194493    (-0.83881 0.275901 208.745)
0.00194608    (-0.160132 0.997784 207.183)
0.00194723    (0.443085 1.95353 205.699)
0.00194837    (0.932956 3.04012 204.48)
0.00194951    (1.30781 4.18457 203.595)
0.00195065    (1.58424 5.35907 203.022)
0.00195178    (1.79989 6.44446 202.741)
0.00195291    (2.02187 7.37012 202.712)
0.00195404    (2.29045 8.10309 202.939)
0.00195516    (2.65397 8.65328 203.366)
0.00195629    (3.12089 9.02997 203.985)
0.00195741    (3.65019 9.24525 204.779)
0.00195853    (4.15665 9.29915 205.698)
0.00195965    (4.49056 9.18386 206.629)
0.00196077    (4.47799 8.89657 207.421)
0.00196189    (3.97048 8.44209 207.954)
0.00196301    (2.88927 7.84366 208.213)
0.00196413    (1.32619 7.14062 208.352)
0.00196524    (-0.5204 6.37912 208.595)
0.00196636    (-2.26254 5.53855 209.192)
0.00196747    (-3.58396 4.62722 210.173)
0.00196858    (-4.32208 3.69769 211.413)
0.0019697     (-4.42688 2.79159 212.734)
0.00197081    (-3.9863 1.92788 213.972)
0.00197193    (-3.32764 1.09472 214.888)
0.00197304    (-2.69962 0.218637 215.603)
0.00197415    (-2.30522 -0.638589 216.104)
0.00197527    (-2.23846 -1.39775 216.368)
0.00197638    (-2.46317 -1.96719 216.367)
0.0019775     (-2.90754 -2.27392 216.073)
0.00197861    (-3.48175 -2.28047 215.504)
0.00197972    (-4.09351 -1.99445 214.707)
0.00198084    (-4.66254 -1.47829 213.754)
0.00198195    (-5.12511 -0.836307 212.712)
0.00198307    (-5.4485 -0.182811 211.613)
0.00198418    (-5.60727 0.379291 210.546)
0.00198529    (-5.59374 0.783792 209.504)
0.00198641    (-5.40199 1.0083 208.526)
0.00198752    (-5.04666 1.07566 207.659)
0.00198864    (-4.55954 0.973888 206.956)
0.00198975    (-3.98942 0.692846 206.469)
0.00199086    (-3.39217 0.217468 206.227)
0.00199198    (-2.82903 -0.426658 206.257)
0.00199309    (-2.35056 -1.16153 206.534)
0.00199421    (-1.96895 -1.83565 207.12)
0.00199532    (-1.67607 -2.4051 207.991)
0.00199644    (-1.43741 -2.80174 209.091)
0.00199755    (-1.20049 -3.0211 210.329)
0.00199866    (-0.906885 -3.08678 211.603)
0.00199978    (-0.505531 -3.02169 212.819)
0.0020009     (0.0425515 -2.83295 213.914)
0.00200203    (0.758283 -2.51784 214.822)
0.00200316    (1.6361 -2.0687 215.477)
0.0020043     (2.64536 -1.4793 215.826)
0.00200545    (3.67744 -0.769548 215.845)
0.00200661    (4.57388 -0.0085487 215.532)
0.00200777    (5.12071 0.74112 215.006)
0.00200893    (5.16139 1.40178 214.363)
0.00201009    (4.69458 1.93261 213.752)
0.00201125    (3.85269 2.3428 213.276)
0.00201241    (2.84284 2.67765 212.938)
0.00201356    (1.84469 2.98497 212.674)
0.00201472    (0.96911 3.28163 212.413)
0.00201587    (0.275023 3.5397 212.111)
0.00201703    (-0.224072 3.70513 211.766)
0.00201818    (-0.545942 3.72103 211.419)
0.00201933    (-0.764315 3.54796 211.063)
0.00202048    (-0.922713 3.16195 210.725)
0.00202162    (-1.0875 2.55709 210.394)
0.00202277    (-1.29269 1.76859 210.051)
0.00202391    (-1.53611 0.851107 209.696)
0.00202506    (-1.79733 -0.114087 209.351)
0.0020262     (-2.0373 -1.03663 209.016)
0.00202734    (-2.2102 -1.87371 208.723)
0.00202848    (-2.29559 -2.57148 208.503)
0.00202962    (-2.28471 -3.10528 208.329)
0.00203076    (-2.19482 -3.45926 208.215)
0.00203191    (-2.0527 -3.61897 208.15)
0.00203305    (-1.85531 -3.5724 208.134)
0.00203419    (-1.60077 -3.31273 208.112)
0.00203533    (-1.28294 -2.85008 208.061)
0.00203648    (-0.90292 -2.21845 207.951)
0.00203762    (-0.491655 -1.45574 207.741)
0.00203877    (-0.085613 -0.648154 207.413)
0.00203992    (0.29338 0.105099 206.96)
0.00204106    (0.614722 0.693437 206.406)
0.00204221    (0.874233 1.05389 205.796)
0.00204336    (1.05845 1.16359 205.21)
0.0020445     (1.15019 1.05315 204.709)
0.00204565    (1.13736 0.812497 204.333)
0.0020468     (1.03133 0.576569 204.095)
0.00204794    (0.866371 0.426702 203.987)
0.00204908    (0.674601 0.421657 203.98)
0.00205023    (0.476407 0.553176 204.027)
0.00205137    (0.280269 0.792108 204.064)
0.00205251    (0.0906162 1.09761 204.04)
0.00205366    (-0.088337 1.44326 203.922)
0.0020548     (-0.252126 1.80926 203.703)
0.00205594    (-0.406497 2.17655 203.392)
0.00205708    (-0.545897 2.52286 203.001)
0.00205823    (-0.671208 2.82464 202.541)
0.00205938    (-0.780776 3.05049 202.068)
0.00206053    (-0.875672 3.16173 201.59)
0.00206169    (-0.942565 3.13339 201.163)
0.00206284    (-0.964079 2.94301 200.839)
0.002064      (-0.927619 2.59604 200.67)
0.00206516    (-0.814267 2.12573 200.697)
0.00206632    (-0.637189 1.57665 200.935)
0.00206748    (-0.377402 1.0299 201.395)
0.00206865    (-0.070875 0.541244 202.067)
0.00206983    (0.230915 0.149916 202.906)
0.002071      (0.47281 -0.134207 203.822)
0.00207218    (0.613577 -0.33545 204.69)
0.00207335    (0.646262 -0.49056 205.464)
0.00207453    (0.591622 -0.629254 206.082)
0.0020757     (0.511483 -0.761777 206.537)
0.00207687    (0.441991 -0.873146 206.863)
0.00207804    (0.415546 -0.93743 207.096)
0.00207921    (0.439105 -0.922772 207.313)
0.00208038    (0.500834 -0.853593 207.54)
0.00208155    (0.568431 -0.762838 207.8)
0.00208272    (0.612618 -0.713228 208.122)
0.00208388    (0.60191 -0.766404 208.53)
0.00208505    (0.518473 -0.954824 209.04)
0.00208621    (0.363502 -1.26317 209.655)
0.00208738    (0.158317 -1.63301 210.353)
0.00208854    (-0.0677069 -1.97689 211.087)
0.00208971    (-0.28136 -2.21328 211.775)
0.00209087    (-0.49046 -2.24923 212.4)
0.00209204    (-0.645174 -2.11688 212.727)
0.0020932     (-0.789543 -1.77732 212.879)
0.00209436    (-0.924861 -1.28218 212.841)
0.00209552    (-1.05084 -0.705964 212.68)
0.00209666    (-1.17003 -0.124431 212.502)
0.0020978     (-1.27866 0.389627 212.357)
0.00209893    (-1.37281 0.78185 212.392)
0.00210007    (-1.46906 1.00713 212.561)
0.0021012     (-1.55789 1.0595 212.873)
0.00210233    (-1.62857 0.927939 213.262)
0.00210346    (-1.66037 0.618633 213.673)
0.00210459    (-1.6315 0.173122 213.954)
0.00210573    (-1.52764 -0.334136 214.093)
0.00210687    (-1.34567 -0.799996 214.071)
0.00210802    (-1.10453 -1.16952 213.862)
0.00210917    (-0.800658 -1.37902 213.483)
0.00211033    (-0.447376 -1.4208 212.956)
0.00211149    (-0.0581259 -1.34422 212.312)
0.00211265    (0.3687 -1.2209 211.563)
0.00211381    (0.827852 -1.16182 210.761)
0.00211498    (1.2714 -1.25017 209.95)
0.00211614    (1.65756 -1.49991 209.222)
0.0021173     (1.92133 -1.89815 208.674)
0.00211846    (2.00528 -2.36906 208.358)
0.00211962    (1.89096 -2.82391 208.302)
0.00212077    (1.5949 -3.20094 208.445)
0.00212193    (1.15173 -3.44504 208.67)
0.00212308    (0.599714 -3.52346 208.908)
0.00212423    (-0.0203341 -3.45917 209.012)
0.00212538    (-0.656294 -3.27325 209.06)
0.00212653    (-1.24468 -3.01376 209.083)
0.00212767    (-1.75389 -2.72597 209.141)
0.00212882    (-2.15372 -2.43778 209.253)
0.00212996    (-2.42872 -2.15744 209.474)
0.0021311     (-2.58684 -1.90286 209.777)
0.00213224    (-2.61134 -1.65786 210.13)
0.00213338    (-2.50908 -1.41382 210.53)
0.00213452    (-2.30333 -1.16643 210.98)
0.00213566    (-2.03872 -0.916154 211.495)
0.0021368     (-1.76789 -0.674769 212.085)
0.00213793    (-1.53463 -0.450431 212.703)
0.00213906    (-1.36185 -0.26697 213.332)
0.00214018    (-1.23258 -0.14882 213.896)
0.0021413     (-1.12467 -0.103104 214.342)
0.00214242    (-1.01787 -0.131522 214.636)
0.00214354    (-0.902867 -0.224938 214.774)
0.00214466    (-0.784062 -0.367881 214.775)
0.00214577    (-0.674599 -0.542162 214.673)
0.00214689    (-0.594241 -0.726045 214.507)
0.00214801    (-0.560076 -0.900394 214.313)
0.00214913    (-0.576293 -1.04256 214.115)
0.00215025    (-0.633311 -1.12229 213.916)
0.00215137    (-0.704345 -1.09512 213.685)
0.00215249    (-0.759555 -0.93162 213.372)
0.00215361    (-0.774771 -0.604074 212.921)
0.00215473    (-0.736282 -0.10105 212.296)
0.00215585    (-0.653262 0.560864 211.507)
0.00215698    (-0.556686 1.34022 210.592)
0.0021581     (-0.497683 2.18361 209.631)
0.00215922    (-0.534656 3.01399 208.713)
0.00216034    (-0.705274 3.75123 207.86)
0.00216147    (-1.02599 4.29807 207.084)
0.00216259    (-1.48396 4.55669 206.356)
0.00216371    (-2.06547 4.45307 205.687)
0.00216484    (-2.73914 3.99841 205.138)
0.00216596    (-3.4871 3.26387 204.775)
0.00216708    (-4.23277 2.42266 204.719)
0.0021682     (-4.85744 1.6263 204.98)
0.00216933    (-5.23562 0.969018 205.48)
0.00217045    (-5.24858 0.552001 206.108)
0.00217157    (-4.83971 0.380216 206.74)
0.0021727     (-4.04151 0.391336 207.268)
0.00217382    (-2.97407 0.436945 207.633)
0.00217495    (-1.80747 0.384678 207.822)
0.00217607    (-0.714856 0.137988 207.858)
0.0021772     (0.177649 -0.285475 207.795)
0.00217833    (0.800896 -0.780019 207.717)
0.00217945    (1.15559 -1.25402 207.675)
0.00218058    (1.28753 -1.65599 207.719)
0.00218171    (1.2946 -1.97317 207.942)
0.00218284    (1.17375 -2.30025 208.229)
0.00218397    (0.996354 -2.65661 208.624)
0.0021851     (0.771966 -3.0824 209.086)
0.00218623    (0.500955 -3.55177 209.566)
0.00218736    (0.199758 -4.00437 210.057)
0.0021885     (-0.116228 -4.38117 210.54)
0.00218963    (-0.426998 -4.63311 210.998)
0.00219076    (-0.71349 -4.74482 211.427)
0.00219189    (-0.958091 -4.74162 211.823)
0.00219303    (-1.14497 -4.66198 212.181)
0.00219416    (-1.26991 -4.54499 212.523)
0.00219529    (-1.33157 -4.42053 212.883)
0.00219642    (-1.33615 -4.30311 213.288)
0.00219755    (-1.29275 -4.19101 213.757)
0.00219867    (-1.2068 -4.07262 214.281)
0.0021998     (-1.07336 -3.94508 214.823)
0.00220092    (-0.88032 -3.81237 215.321)
0.00220204    (-0.611904 -3.69588 215.714)
0.00220315    (-0.287594 -3.61393 215.939)
0.00220426    (0.0665578 -3.58282 215.965)
0.00220537    (0.366648 -3.58388 215.768)
0.00220647    (0.518067 -3.56965 215.329)
0.00220756    (0.440201 -3.47159 214.633)
0.00220865    (0.0932954 -3.20036 213.685)
0.00220974    (-0.518885 -2.6982 212.555)
0.00221083    (-1.35478 -1.96562 211.433)
0.00221193    (-2.30423 -1.08078 210.492)
0.00221303    (-3.21001 -0.122684 210.055)
0.00221414    (-3.98746 0.791974 210.232)
0.00221523    (-4.50242 1.52411 210.792)
0.00221632    (-4.59262 1.93026 211.568)
0.00221741    (-4.17982 1.96293 212.314)
0.00221849    (-3.27796 1.69816 212.906)
0.00221957    (-2.05084 1.31327 213.372)
0.00222065    (-0.756772 0.976594 213.882)
0.00222172    (0.385076 0.792526 214.606)
0.00222279    (1.25749 0.800855 215.562)
0.00222387    (1.84573 1.04845 216.672)
0.00222494    (2.16513 1.60958 217.781)
0.00222602    (2.21588 2.54002 218.688)
0.00222709    (1.99937 3.82982 219.233)
0.00222816    (1.55938 5.3181 219.255)
0.00222923    (1.00252 6.72261 218.633)
0.0022303     (0.534268 7.70706 217.318)
0.00223137    (0.379987 7.98688 215.31)
0.00223244    (0.705309 7.49563 212.791)
0.00223352    (1.59628 6.25142 209.951)
0.00223459    (2.97771 4.45529 207.011)
0.00223567    (4.60935 2.38358 204.191)
0.00223675    (6.20246 0.295992 201.665)
0.00223783    (7.46473 -1.56332 199.612)
0.00223892    (8.10604 -3.00716 197.918)
0.00224001    (7.92917 -3.97225 196.597)
0.0022411     (6.94352 -4.58577 195.594)
0.00224219    (5.35554 -5.04831 194.853)
0.00224328    (3.36463 -5.55462 194.349)
0.00224437    (1.29942 -6.21389 194.09)
0.00224546    (-0.592898 -7.00545 194.092)
0.00224655    (-2.10243 -7.82015 194.344)
0.00224765    (-3.12383 -8.53142 194.685)
0.00224875    (-3.64996 -9.09295 195.009)
0.00224985    (-3.75308 -9.49249 195.292)
0.00225096    (-3.52911 -9.71238 195.508)
0.00225207    (-3.11121 -9.73556 195.722)
0.00225318    (-2.63835 -9.55682 196.008)
0.0022543     (-2.23806 -9.16679 196.579)
0.00225541    (-1.9827 -8.52254 197.42)
0.00225652    (-1.86196 -7.57549 198.541)
0.00225764    (-1.78938 -6.37437 199.92)
0.00225875    (-1.70128 -5.06307 201.535)
0.00225987    (-1.53471 -3.87777 203.367)
0.00226099    (-1.29242 -3.07589 205.377)
0.0022621     (-0.969263 -2.80021 207.483)
0.00226322    (-0.546516 -3.01487 209.477)
0.00226434    (-0.0430271 -3.45248 211.256)
0.00226545    (0.510651 -3.94531 212.475)
0.00226657    (1.04415 -4.21134 213.238)
0.00226769    (1.45744 -4.15538 213.536)
0.0022688     (1.76388 -3.76728 213.377)
0.00226992    (1.96815 -3.07024 212.804)
0.00227104    (2.09508 -2.11668 211.865)
0.00227216    (2.16492 -0.990095 210.644)
0.00227329    (2.17494 0.199724 209.265)
0.00227441    (2.10918 1.33975 207.867)
0.00227554    (1.97612 2.332 206.596)
0.00227667    (1.79938 3.12415 205.562)
0.0022778     (1.58863 3.69148 204.838)
0.00227894    (1.33497 4.02397 204.444)
0.00228008    (1.01291 4.14124 204.332)
0.00228122    (0.59884 4.10989 204.389)
0.00228237    (0.0797296 4.03586 204.457)
0.00228353    (-0.469008 4.02724 204.404)
0.00228468    (-0.943499 4.13756 204.179)
0.00228583    (-1.22646 4.31714 203.771)
0.00228698    (-1.24842 4.5394 203.361)
0.00228813    (-0.973782 4.70796 202.94)
0.00228928    (-0.523139 4.81013 202.556)
0.00229043    (0.038177 4.86924 202.203)
0.00229159    (0.577809 4.89269 201.827)
0.00229274    (1.04074 4.85283 201.376)
0.00229389    (1.33268 4.69755 200.777)
0.00229505    (1.45514 4.39522 200.091)
0.0022962     (1.40282 3.96602 199.229)
0.00229736    (1.12667 3.42918 198.27)
0.00229852    (0.637025 2.78559 197.267)
0.00229967    (0.00179777 1.98508 196.18)
0.00230083    (-0.697532 0.905539 194.965)
0.00230199    (-1.37751 -0.571121 193.599)
0.00230315    (-1.99226 -2.44067 192.077)
0.00230431    (-2.51498 -4.52779 190.503)
0.00230547    (-2.94802 -6.54064 189.066)
0.00230663    (-3.28474 -8.22672 187.924)
0.00230777    (-3.54051 -9.40102 187.154)
0.00230892    (-3.74695 -10.0711 186.697)
0.00231006    (-3.93503 -10.2928 186.408)
0.0023112     (-4.13635 -10.1702 186.174)
0.00231233    (-4.38784 -9.8004 185.901)
0.00231346    (-4.72555 -9.25241 185.532)
0.00231459    (-5.17855 -8.56817 185.048)
0.00231572    (-5.7659 -7.77411 184.456)
0.00231686    (-6.49368 -6.88796 183.774)
0.00231799    (-7.35215 -5.92893 183.028)
0.00231912    (-8.31554 -4.93876 182.245)
0.00232025    (-9.34089 -3.9867 181.444)
0.00232138    (-10.3663 -3.16266 180.629)
0.00232251    (-11.2978 -2.55008 179.823)
0.00232364    (-12.0095 -2.19071 179.024)
0.00232477    (-12.3873 -2.06449 178.215)
